0,1.3836e-09
5e-06,5.527e-09
1e-05,1.2409e-08
1.5e-05,2.1993e-08
2e-05,3.4231e-08
2.5e-05,4.9062e-08
3e-05,6.6418e-08
3.5e-05,8.6219e-08
4e-05,1.0838e-07
4.5e-05,1.3282e-07
5e-05,1.5944e-07
5.5e-05,1.8815e-07
6e-05,2.1887e-07
6.5e-05,2.5152e-07
7e-05,2.8602e-07
7.5e-05,3.2232e-07
8e-05,3.6035e-07
8.5e-05,4.0008e-07
9e-05,4.4149e-07
9.5e-05,4.8456e-07
0.0001,5.2929e-07
0.000105,5.757e-07
0.00011,6.2383e-07
0.000115,6.7372e-07
0.00012,7.2544e-07
0.000125,7.7906e-07
0.00013,8.3468e-07
0.000135,8.9239e-07
0.00014,9.5229e-07
0.000145,1.0145e-06
0.00015,1.0792e-06
0.000155,1.1464e-06
0.00016,1.2163e-06
0.000165,1.2889e-06
0.00017,1.3646e-06
0.000175,1.4432e-06
0.00018,1.525e-06
0.000185,1.6101e-06
0.00019,1.6984e-06
0.000195,1.7902e-06
0.0002,1.8854e-06
0.000205,1.9841e-06
0.00021,2.0863e-06
0.000215,2.192e-06
0.00022,2.3011e-06
0.000225,2.4137e-06
0.00023,2.5296e-06
0.000235,2.6487e-06
0.00024,2.771e-06
0.000245,2.8963e-06
0.00025,3.0244e-06
0.000255,3.1553e-06
0.00026,3.2886e-06
0.000265,3.4243e-06
0.00027,3.562e-06
0.000275,3.7017e-06
0.00028,3.8431e-06
0.000285,3.9861e-06
0.00029,4.1303e-06
0.000295,4.2757e-06
0.0003,4.4221e-06
0.000305,4.5694e-06
0.00031,4.7174e-06
0.000315,4.866e-06
0.00032,5.0152e-06
0.000325,5.1649e-06
0.00033,5.3151e-06
0.000335,5.4659e-06
0.00034,5.6173e-06
0.000345,5.7694e-06
0.00035,5.9223e-06
0.000355,6.0761e-06
0.00036,6.2311e-06
0.000365,6.3874e-06
0.00037,6.5453e-06
0.000375,6.705e-06
0.00038,6.8667e-06
0.000385,7.0308e-06
0.00039,7.1975e-06
0.000395,7.367e-06
0.0004,7.5396e-06
0.000405,7.7157e-06
0.00041,7.8954e-06
0.000415,8.0791e-06
0.00042,8.2668e-06
0.000425,8.4588e-06
0.00043,8.6553e-06
0.000435,8.8564e-06
0.00044,9.0623e-06
0.000445,9.2729e-06
0.00045,9.4883e-06
0.000455,9.7085e-06
0.00046,9.9335e-06
0.000465,1.0163e-05
0.00047,1.0397e-05
0.000475,1.0636e-05
0.00048,1.0879e-05
0.000485,1.1126e-05
0.00049,1.1376e-05
0.000495,1.163e-05
0.0005,1.1887e-05
0.000505,1.2147e-05
0.00051,1.2409e-05
0.000515,1.2673e-05
0.00052,1.2939e-05
0.000525,1.3207e-05
0.00053,1.3475e-05
0.000535,1.3744e-05
0.00054,1.4013e-05
0.000545,1.4283e-05
0.00055,1.4552e-05
0.000555,1.4821e-05
0.00056,1.509e-05
0.000565,1.5358e-05
0.00057,1.5625e-05
0.000575,1.5891e-05
0.00058,1.6157e-05
0.000585,1.6421e-05
0.00059,1.6686e-05
0.000595,1.695e-05
0.0006,1.7213e-05
0.000605,1.7477e-05
0.00061,1.7742e-05
0.000615,1.8007e-05
0.00062,1.8274e-05
0.000625,1.8542e-05
0.00063,1.8812e-05
0.000635,1.9084e-05
0.00064,1.936e-05
0.000645,1.9639e-05
0.00065,1.9921e-05
0.000655,2.0208e-05
0.00066,2.05e-05
0.000665,2.0796e-05
0.00067,2.1098e-05
0.000675,2.1406e-05
0.00068,2.1719e-05
0.000685,2.2039e-05
0.00069,2.2364e-05
0.000695,2.2696e-05
0.0007,2.3034e-05
0.000705,2.3379e-05
0.00071,2.373e-05
0.000715,2.4086e-05
0.00072,2.4449e-05
0.000725,2.4817e-05
0.00073,2.519e-05
0.000735,2.5568e-05
0.00074,2.5951e-05
0.000745,2.6337e-05
0.00075,2.6727e-05
0.000755,2.712e-05
0.00076,2.7516e-05
0.000765,2.7913e-05
0.00077,2.8312e-05
0.000775,2.8712e-05
0.00078,2.9112e-05
0.000785,2.9512e-05
0.00079,2.9912e-05
0.000795,3.0311e-05
0.0008,3.0708e-05
0.000805,3.1104e-05
0.00081,3.1498e-05
0.000815,3.189e-05
0.00082,3.2279e-05
0.000825,3.2667e-05
0.00083,3.3053e-05
0.000835,3.3436e-05
0.00084,3.3818e-05
0.000845,3.4198e-05
0.00085,3.4577e-05
0.000855,3.4956e-05
0.00086,3.5334e-05
0.000865,3.5712e-05
0.00087,3.6091e-05
0.000875,3.6472e-05
0.00088,3.6854e-05
0.000885,3.7239e-05
0.00089,3.7628e-05
0.000895,3.802e-05
0.0009,3.8416e-05
0.000905,3.8818e-05
0.00091,3.9226e-05
0.000915,3.9639e-05
0.00092,4.0059e-05
0.000925,4.0487e-05
0.00093,4.0921e-05
0.000935,4.1363e-05
0.00094,4.1813e-05
0.000945,4.2271e-05
0.00095,4.2737e-05
0.000955,4.3211e-05
0.00096,4.3693e-05
0.000965,4.4182e-05
0.00097,4.4678e-05
0.000975,4.5181e-05
0.00098,4.5691e-05
0.000985,4.6206e-05
0.00099,4.6727e-05
0.000995,4.7253e-05
0.001,4.7782e-05
0.001005,4.8315e-05
0.00101,4.8851e-05
0.001015,4.9388e-05
0.00102,4.9927e-05
0.001025,5.0466e-05
0.00103,5.1005e-05
0.001035,5.1543e-05
0.00104,5.208e-05
0.001045,5.2614e-05
0.00105,5.3146e-05
0.001055,5.3676e-05
0.00106,5.4202e-05
0.001065,5.4724e-05
0.00107,5.5244e-05
0.001075,5.5759e-05
0.00108,5.6271e-05
0.001085,5.678e-05
0.00109,5.7286e-05
0.001095,5.7789e-05
0.0011,5.8289e-05
0.001105,5.8788e-05
0.00111,5.9286e-05
0.001115,5.9784e-05
0.00112,6.0281e-05
0.001125,6.078e-05
0.00113,6.1281e-05
0.001135,6.1785e-05
0.00114,6.2292e-05
0.001145,6.2803e-05
0.00115,6.332e-05
0.001155,6.3843e-05
0.00116,6.4372e-05
0.001165,6.4909e-05
0.00117,6.5454e-05
0.001175,6.6008e-05
0.00118,6.6571e-05
0.001185,6.7143e-05
0.00119,6.7724e-05
0.001195,6.8316e-05
0.0012,6.8917e-05
0.001205,6.9528e-05
0.00121,7.0148e-05
0.001215,7.0777e-05
0.00122,7.1416e-05
0.001225,7.2062e-05
0.00123,7.2717e-05
0.001235,7.3378e-05
0.00124,7.4046e-05
0.001245,7.4719e-05
0.00125,7.5397e-05
0.001255,7.6079e-05
0.00126,7.6764e-05
0.001265,7.745e-05
0.00127,7.8138e-05
0.001275,7.8825e-05
0.00128,7.9512e-05
0.001285,8.0197e-05
0.00129,8.088e-05
0.001295,8.156e-05
0.0013,8.2236e-05
0.001305,8.2908e-05
0.00131,8.3575e-05
0.001315,8.4237e-05
0.00132,8.4894e-05
0.001325,8.5547e-05
0.00133,8.6194e-05
0.001335,8.6836e-05
0.00134,8.7474e-05
0.001345,8.8108e-05
0.00135,8.8738e-05
0.001355,8.9366e-05
0.00136,8.9992e-05
0.001365,9.0617e-05
0.00137,9.1241e-05
0.001375,9.1867e-05
0.00138,9.2494e-05
0.001385,9.3125e-05
0.00139,9.3759e-05
0.001395,9.4399e-05
0.0014,9.5044e-05
0.001405,9.5697e-05
0.00141,9.6358e-05
0.001415,9.7027e-05
0.00142,9.7706e-05
0.001425,9.8396e-05
0.00143,9.9096e-05
0.001435,9.9808e-05
0.00144,0.00010053
0.001445,0.00010127
0.00145,0.00010201
0.001455,0.00010277
0.00146,0.00010354
0.001465,0.00010432
0.00147,0.00010511
0.001475,0.00010592
0.00148,0.00010673
0.001485,0.00010755
0.00149,0.00010837
0.001495,0.00010921
0.0015,0.00011004
0.001505,0.00011089
0.00151,0.00011173
0.001515,0.00011258
0.00152,0.00011343
0.001525,0.00011428
0.00153,0.00011512
0.001535,0.00011597
0.00154,0.00011681
0.001545,0.00011764
0.00155,0.00011848
0.001555,0.0001193
0.00156,0.00012012
0.001565,0.00012093
0.00157,0.00012174
0.001575,0.00012254
0.00158,0.00012333
0.001585,0.00012412
0.00159,0.0001249
0.001595,0.00012568
0.0016,0.00012645
0.001605,0.00012721
0.00161,0.00012798
0.001615,0.00012874
0.00162,0.0001295
0.001625,0.00013027
0.00163,0.00013103
0.001635,0.0001318
0.00164,0.00013257
0.001645,0.00013335
0.00165,0.00013414
0.001655,0.00013493
0.00166,0.00013574
0.001665,0.00013655
0.00167,0.00013738
0.001675,0.00013822
0.00168,0.00013907
0.001685,0.00013993
0.00169,0.00014081
0.001695,0.00014171
0.0017,0.00014261
0.001705,0.00014353
0.00171,0.00014447
0.001715,0.00014542
0.00172,0.00014638
0.001725,0.00014735
0.00173,0.00014833
0.001735,0.00014932
0.00174,0.00015032
0.001745,0.00015133
0.00175,0.00015235
0.001755,0.00015336
0.00176,0.00015439
0.001765,0.00015541
0.00177,0.00015644
0.001775,0.00015746
0.00178,0.00015848
0.001785,0.0001595
0.00179,0.00016051
0.001795,0.00016152
0.0018,0.00016252
0.001805,0.00016351
0.00181,0.0001645
0.001815,0.00016548
0.00182,0.00016645
0.001825,0.00016741
0.00183,0.00016836
0.001835,0.00016931
0.00184,0.00017025
0.001845,0.00017118
0.00185,0.0001721
0.001855,0.00017302
0.00186,0.00017394
0.001865,0.00017486
0.00187,0.00017577
0.001875,0.00017669
0.00188,0.0001776
0.001885,0.00017852
0.00189,0.00017945
0.001895,0.00018039
0.0019,0.00018133
0.001905,0.00018228
0.00191,0.00018325
0.001915,0.00018422
0.00192,0.00018521
0.001925,0.00018622
0.00193,0.00018724
0.001935,0.00018827
0.00194,0.00018933
0.001945,0.0001904
0.00195,0.00019148
0.001955,0.00019258
0.00196,0.0001937
0.001965,0.00019484
0.00197,0.00019598
0.001975,0.00019715
0.00198,0.00019832
0.001985,0.00019951
0.00199,0.0002007
0.001995,0.0002019
0.002,0.00020311
0.002005,0.00020433
0.00201,0.00020555
0.002015,0.00020677
0.00202,0.00020799
0.002025,0.00020921
0.00203,0.00021042
0.002035,0.00021163
0.00204,0.00021284
0.002045,0.00021404
0.00205,0.00021523
0.002055,0.00021641
0.00206,0.00021758
0.002065,0.00021874
0.00207,0.00021989
0.002075,0.00022103
0.00208,0.00022216
0.002085,0.00022328
0.00209,0.00022439
0.002095,0.0002255
0.0021,0.0002266
0.002105,0.00022769
0.00211,0.00022878
0.002115,0.00022986
0.00212,0.00023095
0.002125,0.00023203
0.00213,0.00023312
0.002135,0.00023422
0.00214,0.00023532
0.002145,0.00023643
0.00215,0.00023755
0.002155,0.00023868
0.00216,0.00023982
0.002165,0.00024099
0.00217,0.00024216
0.002175,0.00024336
0.00218,0.00024457
0.002185,0.0002458
0.00219,0.00024705
0.002195,0.00024832
0.0022,0.00024961
0.002205,0.00025092
0.00221,0.00025225
0.002215,0.0002536
0.00222,0.00025496
0.002225,0.00025634
0.00223,0.00025773
0.002235,0.00025913
0.00224,0.00026055
0.002245,0.00026197
0.00225,0.00026341
0.002255,0.00026484
0.00226,0.00026628
0.002265,0.00026773
0.00227,0.00026917
0.002275,0.00027061
0.00228,0.00027204
0.002285,0.00027347
0.00229,0.00027489
0.002295,0.0002763
0.0023,0.0002777
0.002305,0.0002791
0.00231,0.00028047
0.002315,0.00028184
0.00232,0.0002832
0.002325,0.00028454
0.00233,0.00028587
0.002335,0.00028719
0.00234,0.0002885
0.002345,0.0002898
0.00235,0.00029109
0.002355,0.00029238
0.00236,0.00029366
0.002365,0.00029494
0.00237,0.00029622
0.002375,0.0002975
0.00238,0.00029879
0.002385,0.00030008
0.00239,0.00030138
0.002395,0.0003027
0.0024,0.00030402
0.002405,0.00030536
0.00241,0.00030672
0.002415,0.00030809
0.00242,0.00030948
0.002425,0.0003109
0.00243,0.00031234
0.002435,0.0003138
0.00244,0.00031528
0.002445,0.00031678
0.00245,0.00031831
0.002455,0.00031986
0.00246,0.00032143
0.002465,0.00032303
0.00247,0.00032464
0.002475,0.00032627
0.00248,0.00032791
0.002485,0.00032957
0.00249,0.00033124
0.002495,0.00033292
0.0025,0.00033461
0.002505,0.00033631
0.00251,0.00033801
0.002515,0.0003397
0.00252,0.0003414
0.002525,0.00034309
0.00253,0.00034478
0.002535,0.00034645
0.00254,0.00034812
0.002545,0.00034978
0.00255,0.00035142
0.002555,0.00035305
0.00256,0.00035467
0.002565,0.00035627
0.00257,0.00035786
0.002575,0.00035944
0.00258,0.000361
0.002585,0.00036255
0.00259,0.00036408
0.002595,0.00036561
0.0026,0.00036713
0.002605,0.00036864
0.00261,0.00037015
0.002615,0.00037165
0.00262,0.00037316
0.002625,0.00037467
0.00263,0.00037619
0.002635,0.00037772
0.00264,0.00037925
0.002645,0.00038081
0.00265,0.00038237
0.002655,0.00038396
0.00266,0.00038557
0.002665,0.0003872
0.00267,0.00038885
0.002675,0.00039053
0.00268,0.00039223
0.002685,0.00039396
0.00269,0.00039572
0.002695,0.00039751
0.0027,0.00039932
0.002705,0.00040116
0.00271,0.00040302
0.002715,0.00040491
0.00272,0.00040682
0.002725,0.00040875
0.00273,0.00041069
0.002735,0.00041265
0.00274,0.00041463
0.002745,0.00041661
0.00275,0.00041861
0.002755,0.0004206
0.00276,0.0004226
0.002765,0.0004246
0.00277,0.00042659
0.002775,0.00042858
0.00278,0.00043056
0.002785,0.00043253
0.00279,0.00043449
0.002795,0.00043643
0.0028,0.00043836
0.002805,0.00044027
0.00281,0.00044217
0.002815,0.00044405
0.00282,0.00044591
0.002825,0.00044775
0.00283,0.00044958
0.002835,0.0004514
0.00284,0.0004532
0.002845,0.000455
0.00285,0.00045678
0.002855,0.00045856
0.00286,0.00046034
0.002865,0.00046212
0.00287,0.0004639
0.002875,0.00046569
0.00288,0.00046748
0.002885,0.00046929
0.00289,0.00047112
0.002895,0.00047296
0.0029,0.00047483
0.002905,0.00047672
0.00291,0.00047863
0.002915,0.00048057
0.00292,0.00048255
0.002925,0.00048455
0.00293,0.00048659
0.002935,0.00048865
0.00294,0.00049075
0.002945,0.00049289
0.00295,0.00049505
0.002955,0.00049724
0.00296,0.00049946
0.002965,0.00050171
0.00297,0.00050399
0.002975,0.00050628
0.00298,0.0005086
0.002985,0.00051093
0.00299,0.00051327
0.002995,0.00051563
0.003,0.00051799
0.003005,0.00052035
0.00301,0.00052272
0.003015,0.00052508
0.00302,0.00052744
0.003025,0.00052978
0.00303,0.00053212
0.003035,0.00053444
0.00304,0.00053674
0.003045,0.00053903
0.00305,0.0005413
0.003055,0.00054355
0.00306,0.00054578
0.003065,0.00054799
0.00307,0.00055018
0.003075,0.00055236
0.00308,0.00055451
0.003085,0.00055666
0.00309,0.00055879
0.003095,0.00056091
0.0031,0.00056302
0.003105,0.00056513
0.00311,0.00056725
0.003115,0.00056936
0.00312,0.00057148
0.003125,0.00057362
0.00313,0.00057577
0.003135,0.00057794
0.00314,0.00058013
0.003145,0.00058235
0.00315,0.00058459
0.003155,0.00058687
0.00316,0.00058918
0.003165,0.00059153
0.00317,0.00059391
0.003175,0.00059634
0.00318,0.0005988
0.003185,0.0006013
0.00319,0.00060385
0.003195,0.00060643
0.0032,0.00060904
0.003205,0.00061169
0.00321,0.00061438
0.003215,0.00061709
0.00322,0.00061984
0.003225,0.0006226
0.00323,0.00062539
0.003235,0.0006282
0.00324,0.00063101
0.003245,0.00063384
0.00325,0.00063667
0.003255,0.0006395
0.00326,0.00064233
0.003265,0.00064515
0.00327,0.00064796
0.003275,0.00065076
0.00328,0.00065354
0.003285,0.0006563
0.00329,0.00065905
0.003295,0.00066177
0.0033,0.00066447
0.003305,0.00066714
0.00331,0.0006698
0.003315,0.00067243
0.00332,0.00067504
0.003325,0.00067763
0.00333,0.00068021
0.003335,0.00068277
0.00334,0.00068532
0.003345,0.00068787
0.00335,0.00069042
0.003355,0.00069297
0.00336,0.00069552
0.003365,0.00069809
0.00337,0.00070067
0.003375,0.00070328
0.00338,0.00070591
0.003385,0.00070857
0.00339,0.00071126
0.003395,0.00071399
0.0034,0.00071677
0.003405,0.00071959
0.00341,0.00072245
0.003415,0.00072536
0.00342,0.00072832
0.003425,0.00073133
0.00343,0.0007344
0.003435,0.00073751
0.00344,0.00074067
0.003445,0.00074387
0.00345,0.00074712
0.003455,0.00075042
0.00346,0.00075375
0.003465,0.00075711
0.00347,0.00076051
0.003475,0.00076393
0.00348,0.00076737
0.003485,0.00077082
0.00349,0.00077429
0.003495,0.00077776
0.0035,0.00078124
0.003505,0.00078471
0.00351,0.00078817
0.003515,0.00079161
0.00352,0.00079505
0.003525,0.00079846
0.00353,0.00080185
0.003535,0.00080522
0.00354,0.00080856
0.003545,0.00081187
0.00355,0.00081516
0.003555,0.00081843
0.00356,0.00082167
0.003565,0.00082489
0.00357,0.00082809
0.003575,0.00083127
0.00358,0.00083445
0.003585,0.00083762
0.00359,0.00084079
0.003595,0.00084396
0.0036,0.00084715
0.003605,0.00085035
0.00361,0.00085358
0.003615,0.00085684
0.00362,0.00086013
0.003625,0.00086346
0.00363,0.00086684
0.003635,0.00087027
0.00364,0.00087376
0.003645,0.00087731
0.00365,0.00088092
0.003655,0.00088459
0.00366,0.00088834
0.003665,0.00089215
0.00367,0.00089604
0.003675,0.00089999
0.00368,0.00090401
0.003685,0.0009081
0.00369,0.00091225
0.003695,0.00091646
0.0037,0.00092072
0.003705,0.00092503
0.00371,0.00092939
0.003715,0.00093378
0.00372,0.00093821
0.003725,0.00094266
0.00373,0.00094713
0.003735,0.00095161
0.00374,0.00095609
0.003745,0.00096058
0.00375,0.00096506
0.003755,0.00096952
0.00376,0.00097397
0.003765,0.0009784
0.00377,0.0009828
0.003775,0.00098717
0.00378,0.00099152
0.003785,0.00099584
0.00379,0.0010001
0.003795,0.0010044
0.0038,0.0010087
0.003805,0.0010129
0.00381,0.0010171
0.003815,0.0010213
0.00382,0.0010255
0.003825,0.0010297
0.00383,0.0010339
0.003835,0.0010382
0.00384,0.0010425
0.003845,0.0010468
0.00385,0.0010511
0.003855,0.0010555
0.00386,0.00106
0.003865,0.0010646
0.00387,0.0010692
0.003875,0.001074
0.00388,0.0010788
0.003885,0.0010837
0.00389,0.0010887
0.003895,0.0010938
0.0039,0.0010991
0.003905,0.0011044
0.00391,0.0011099
0.003915,0.0011155
0.00392,0.0011211
0.003925,0.0011269
0.00393,0.0011328
0.003935,0.0011387
0.00394,0.0011448
0.003945,0.0011509
0.00395,0.001157
0.003955,0.0011633
0.00396,0.0011696
0.003965,0.0011759
0.00397,0.0011822
0.003975,0.0011886
0.00398,0.0011949
0.003985,0.0012013
0.00399,0.0012076
0.003995,0.001214
0.004,0.0012203
