0,1.411e-09
5e-06,5.6404e-09
1e-05,1.2677e-08
1.5e-05,2.2503e-08
2e-05,3.5093e-08
2.5e-05,5.0417e-08
3e-05,6.8439e-08
3.5e-05,8.912e-08
4e-05,1.1242e-07
4.5e-05,1.3828e-07
5e-05,1.6668e-07
5.5e-05,1.9755e-07
6e-05,2.3086e-07
6.5e-05,2.6657e-07
7e-05,3.0463e-07
7.5e-05,3.4503e-07
8e-05,3.8774e-07
8.5e-05,4.3273e-07
9e-05,4.8e-07
9.5e-05,5.2954e-07
0.0001,5.8137e-07
0.000105,6.3549e-07
0.00011,6.9193e-07
0.000115,7.5072e-07
0.00012,8.1189e-07
0.000125,8.755e-07
0.00013,9.4158e-07
0.000135,1.0102e-06
0.00014,1.0814e-06
0.000145,1.1553e-06
0.00015,1.232e-06
0.000155,1.3114e-06
0.00016,1.3937e-06
0.000165,1.4789e-06
0.00017,1.5671e-06
0.000175,1.6583e-06
0.00018,1.7526e-06
0.000185,1.8501e-06
0.00019,1.9507e-06
0.000195,2.0545e-06
0.0002,2.1615e-06
0.000205,2.2717e-06
0.00021,2.385e-06
0.000215,2.5016e-06
0.00022,2.6212e-06
0.000225,2.7439e-06
0.00023,2.8697e-06
0.000235,2.9984e-06
0.00024,3.13e-06
0.000245,3.2643e-06
0.00025,3.4014e-06
0.000255,3.5411e-06
0.00026,3.6832e-06
0.000265,3.8278e-06
0.00027,3.9746e-06
0.000275,4.1236e-06
0.00028,4.2748e-06
0.000285,4.4279e-06
0.00029,4.583e-06
0.000295,4.7399e-06
0.0003,4.8986e-06
0.000305,5.0591e-06
0.00031,5.2213e-06
0.000315,5.3852e-06
0.00032,5.5509e-06
0.000325,5.7183e-06
0.00033,5.8874e-06
0.000335,6.0584e-06
0.00034,6.2313e-06
0.000345,6.4062e-06
0.00035,6.5831e-06
0.000355,6.7623e-06
0.00036,6.9437e-06
0.000365,7.1276e-06
0.00037,7.314e-06
0.000375,7.5032e-06
0.00038,7.6952e-06
0.000385,7.8903e-06
0.00039,8.0884e-06
0.000395,8.2898e-06
0.0004,8.4947e-06
0.000405,8.703e-06
0.00041,8.9149e-06
0.000415,9.1305e-06
0.00042,9.3498e-06
0.000425,9.573e-06
0.00043,9.8e-06
0.000435,1.0031e-05
0.00044,1.0265e-05
0.000445,1.0504e-05
0.00045,1.0746e-05
0.000455,1.0992e-05
0.00046,1.1242e-05
0.000465,1.1494e-05
0.00047,1.1751e-05
0.000475,1.201e-05
0.00048,1.2273e-05
0.000485,1.2538e-05
0.00049,1.2806e-05
0.000495,1.3077e-05
0.0005,1.3349e-05
0.000505,1.3624e-05
0.00051,1.3901e-05
0.000515,1.418e-05
0.00052,1.4461e-05
0.000525,1.4742e-05
0.00053,1.5026e-05
0.000535,1.531e-05
0.00054,1.5596e-05
0.000545,1.5883e-05
0.00055,1.6171e-05
0.000555,1.646e-05
0.00056,1.675e-05
0.000565,1.7041e-05
0.00057,1.7333e-05
0.000575,1.7627e-05
0.00058,1.7923e-05
0.000585,1.8219e-05
0.00059,1.8518e-05
0.000595,1.8819e-05
0.0006,1.9121e-05
0.000605,1.9427e-05
0.00061,1.9734e-05
0.000615,2.0045e-05
0.00062,2.0358e-05
0.000625,2.0675e-05
0.00063,2.0996e-05
0.000635,2.132e-05
0.00064,2.1648e-05
0.000645,2.198e-05
0.00065,2.2316e-05
0.000655,2.2656e-05
0.00066,2.3001e-05
0.000665,2.3351e-05
0.00067,2.3705e-05
0.000675,2.4063e-05
0.00068,2.4427e-05
0.000685,2.4794e-05
0.00069,2.5166e-05
0.000695,2.5542e-05
0.0007,2.5923e-05
0.000705,2.6307e-05
0.00071,2.6695e-05
0.000715,2.7087e-05
0.00072,2.7481e-05
0.000725,2.7879e-05
0.00073,2.828e-05
0.000735,2.8683e-05
0.00074,2.9088e-05
0.000745,2.9496e-05
0.00075,2.9905e-05
0.000755,3.0315e-05
0.00076,3.0727e-05
0.000765,3.114e-05
0.00077,3.1553e-05
0.000775,3.1968e-05
0.00078,3.2383e-05
0.000785,3.2798e-05
0.00079,3.3214e-05
0.000795,3.363e-05
0.0008,3.4047e-05
0.000805,3.4464e-05
0.00081,3.4882e-05
0.000815,3.5301e-05
0.00082,3.5721e-05
0.000825,3.6141e-05
0.00083,3.6564e-05
0.000835,3.6987e-05
0.00084,3.7413e-05
0.000845,3.7841e-05
0.00085,3.8272e-05
0.000855,3.8705e-05
0.00086,3.9142e-05
0.000865,3.9582e-05
0.00087,4.0026e-05
0.000875,4.0474e-05
0.00088,4.0927e-05
0.000885,4.1384e-05
0.00089,4.1846e-05
0.000895,4.2313e-05
0.0009,4.2785e-05
0.000905,4.3262e-05
0.00091,4.3744e-05
0.000915,4.4232e-05
0.00092,4.4725e-05
0.000925,4.5223e-05
0.00093,4.5727e-05
0.000935,4.6235e-05
0.00094,4.6748e-05
0.000945,4.7265e-05
0.00095,4.7787e-05
0.000955,4.8313e-05
0.00096,4.8842e-05
0.000965,4.9375e-05
0.00097,4.9911e-05
0.000975,5.0449e-05
0.00098,5.0989e-05
0.000985,5.1531e-05
0.00099,5.2075e-05
0.000995,5.262e-05
0.001,5.3166e-05
0.001005,5.3712e-05
0.00101,5.4259e-05
0.001015,5.4806e-05
0.00102,5.5353e-05
0.001025,5.59e-05
0.00103,5.6447e-05
0.001035,5.6993e-05
0.00104,5.7539e-05
0.001045,5.8085e-05
0.00105,5.8631e-05
0.001055,5.9178e-05
0.00106,5.9724e-05
0.001065,6.0272e-05
0.00107,6.082e-05
0.001075,6.137e-05
0.00108,6.1921e-05
0.001085,6.2474e-05
0.00109,6.303e-05
0.001095,6.3589e-05
0.0011,6.4151e-05
0.001105,6.4717e-05
0.00111,6.5287e-05
0.001115,6.5861e-05
0.00112,6.644e-05
0.001125,6.7024e-05
0.00113,6.7614e-05
0.001135,6.8209e-05
0.00114,6.881e-05
0.001145,6.9417e-05
0.00115,7.003e-05
0.001155,7.065e-05
0.00116,7.1275e-05
0.001165,7.1906e-05
0.00117,7.2543e-05
0.001175,7.3186e-05
0.00118,7.3835e-05
0.001185,7.4488e-05
0.00119,7.5146e-05
0.001195,7.5809e-05
0.0012,7.6476e-05
0.001205,7.7146e-05
0.00121,7.782e-05
0.001215,7.8496e-05
0.00122,7.9174e-05
0.001225,7.9855e-05
0.00123,8.0536e-05
0.001235,8.1219e-05
0.00124,8.1903e-05
0.001245,8.2586e-05
0.00125,8.3269e-05
0.001255,8.3952e-05
0.00126,8.4635e-05
0.001265,8.5317e-05
0.00127,8.5997e-05
0.001275,8.6677e-05
0.00128,8.7356e-05
0.001285,8.8035e-05
0.00129,8.8712e-05
0.001295,8.9389e-05
0.0013,9.0066e-05
0.001305,9.0743e-05
0.00131,9.1421e-05
0.001315,9.21e-05
0.00132,9.278e-05
0.001325,9.3461e-05
0.00133,9.4145e-05
0.001335,9.4832e-05
0.00134,9.5523e-05
0.001345,9.6217e-05
0.00135,9.6916e-05
0.001355,9.7619e-05
0.00136,9.8328e-05
0.001365,9.9042e-05
0.00137,9.9762e-05
0.001375,0.00010049
0.00138,0.00010122
0.001385,0.00010196
0.00139,0.00010271
0.001395,0.00010346
0.0014,0.00010422
0.001405,0.00010499
0.00141,0.00010577
0.001415,0.00010655
0.00142,0.00010733
0.001425,0.00010813
0.00143,0.00010892
0.001435,0.00010973
0.00144,0.00011053
0.001445,0.00011135
0.00145,0.00011216
0.001455,0.00011298
0.00146,0.0001138
0.001465,0.00011462
0.00147,0.00011545
0.001475,0.00011627
0.00148,0.00011709
0.001485,0.00011792
0.00149,0.00011874
0.001495,0.00011957
0.0015,0.00012039
0.001505,0.00012121
0.00151,0.00012203
0.001515,0.00012285
0.00152,0.00012366
0.001525,0.00012448
0.00153,0.00012529
0.001535,0.0001261
0.00154,0.00012691
0.001545,0.00012772
0.00155,0.00012853
0.001555,0.00012934
0.00156,0.00013016
0.001565,0.00013097
0.00157,0.00013179
0.001575,0.0001326
0.00158,0.00013343
0.001585,0.00013425
0.00159,0.00013508
0.001595,0.00013592
0.0016,0.00013676
0.001605,0.00013761
0.00161,0.00013846
0.001615,0.00013933
0.00162,0.0001402
0.001625,0.00014107
0.00163,0.00014196
0.001635,0.00014285
0.00164,0.00014375
0.001645,0.00014466
0.00165,0.00014557
0.001655,0.00014649
0.00166,0.00014742
0.001665,0.00014836
0.00167,0.0001493
0.001675,0.00015025
0.00168,0.0001512
0.001685,0.00015216
0.00169,0.00015312
0.001695,0.00015409
0.0017,0.00015505
0.001705,0.00015602
0.00171,0.00015699
0.001715,0.00015796
0.00172,0.00015893
0.001725,0.0001599
0.00173,0.00016087
0.001735,0.00016184
0.00174,0.00016281
0.001745,0.00016377
0.00175,0.00016473
0.001755,0.00016569
0.00176,0.00016665
0.001765,0.0001676
0.00177,0.00016855
0.001775,0.0001695
0.00178,0.00017045
0.001785,0.0001714
0.00179,0.00017235
0.001795,0.0001733
0.0018,0.00017425
0.001805,0.0001752
0.00181,0.00017615
0.001815,0.00017711
0.00182,0.00017806
0.001825,0.00017903
0.00183,0.00017999
0.001835,0.00018097
0.00184,0.00018195
0.001845,0.00018293
0.00185,0.00018393
0.001855,0.00018493
0.00186,0.00018594
0.001865,0.00018696
0.00187,0.00018798
0.001875,0.00018902
0.00188,0.00019006
0.001885,0.00019111
0.00189,0.00019218
0.001895,0.00019324
0.0019,0.00019432
0.001905,0.00019541
0.00191,0.0001965
0.001915,0.0001976
0.00192,0.0001987
0.001925,0.00019981
0.00193,0.00020092
0.001935,0.00020203
0.00194,0.00020315
0.001945,0.00020427
0.00195,0.00020539
0.001955,0.00020652
0.00196,0.00020764
0.001965,0.00020876
0.00197,0.00020988
0.001975,0.00021099
0.00198,0.00021211
0.001985,0.00021322
0.00199,0.00021433
0.001995,0.00021543
0.002,0.00021654
0.002005,0.00021764
0.00201,0.00021873
0.002015,0.00021983
0.00202,0.00022092
0.002025,0.00022201
0.00203,0.0002231
0.002035,0.00022419
0.00204,0.00022528
0.002045,0.00022637
0.00205,0.00022747
0.002055,0.00022856
0.00206,0.00022966
0.002065,0.00023077
0.00207,0.00023188
0.002075,0.00023299
0.00208,0.00023411
0.002085,0.00023524
0.00209,0.00023638
0.002095,0.00023753
0.0021,0.00023868
0.002105,0.00023985
0.00211,0.00024102
0.002115,0.00024221
0.00212,0.0002434
0.002125,0.0002446
0.00213,0.00024581
0.002135,0.00024704
0.00214,0.00024827
0.002145,0.00024951
0.00215,0.00025075
0.002155,0.000252
0.00216,0.00025326
0.002165,0.00025453
0.00217,0.0002558
0.002175,0.00025707
0.00218,0.00025834
0.002185,0.00025962
0.00219,0.0002609
0.002195,0.00026218
0.0022,0.00026346
0.002205,0.00026473
0.00221,0.00026601
0.002215,0.00026728
0.00222,0.00026854
0.002225,0.00026981
0.00223,0.00027107
0.002235,0.00027233
0.00224,0.00027358
0.002245,0.00027483
0.00225,0.00027608
0.002255,0.00027732
0.00226,0.00027856
0.002265,0.0002798
0.00227,0.00028104
0.002275,0.00028227
0.00228,0.00028351
0.002285,0.00028475
0.00229,0.00028599
0.002295,0.00028723
0.0023,0.00028848
0.002305,0.00028973
0.00231,0.00029098
0.002315,0.00029225
0.00232,0.00029352
0.002325,0.0002948
0.00233,0.00029608
0.002335,0.00029738
0.00234,0.00029869
0.002345,0.00030001
0.00235,0.00030133
0.002355,0.00030267
0.00236,0.00030402
0.002365,0.00030538
0.00237,0.00030675
0.002375,0.00030813
0.00238,0.00030952
0.002385,0.00031092
0.00239,0.00031233
0.002395,0.00031374
0.0024,0.00031517
0.002405,0.00031659
0.00241,0.00031802
0.002415,0.00031946
0.00242,0.0003209
0.002425,0.00032234
0.00243,0.00032378
0.002435,0.00032522
0.00244,0.00032666
0.002445,0.00032809
0.00245,0.00032953
0.002455,0.00033096
0.00246,0.00033239
0.002465,0.00033381
0.00247,0.00033523
0.002475,0.00033664
0.00248,0.00033805
0.002485,0.00033946
0.00249,0.00034086
0.002495,0.00034226
0.0025,0.00034365
0.002505,0.00034504
0.00251,0.00034643
0.002515,0.00034782
0.00252,0.00034921
0.002525,0.0003506
0.00253,0.00035199
0.002535,0.00035339
0.00254,0.00035478
0.002545,0.00035619
0.00255,0.0003576
0.002555,0.00035902
0.00256,0.00036044
0.002565,0.00036187
0.00257,0.00036332
0.002575,0.00036477
0.00258,0.00036624
0.002585,0.00036772
0.00259,0.00036921
0.002595,0.00037071
0.0026,0.00037222
0.002605,0.00037374
0.00261,0.00037528
0.002615,0.00037682
0.00262,0.00037838
0.002625,0.00037995
0.00263,0.00038152
0.002635,0.0003831
0.00264,0.00038469
0.002645,0.00038629
0.00265,0.00038789
0.002655,0.0003895
0.00266,0.0003911
0.002665,0.00039271
0.00267,0.00039432
0.002675,0.00039593
0.00268,0.00039754
0.002685,0.00039914
0.00269,0.00040074
0.002695,0.00040234
0.0027,0.00040393
0.002705,0.00040552
0.00271,0.0004071
0.002715,0.00040867
0.00272,0.00041024
0.002725,0.00041181
0.00273,0.00041337
0.002735,0.00041493
0.00274,0.00041648
0.002745,0.00041803
0.00275,0.00041958
0.002755,0.00042112
0.00276,0.00042267
0.002765,0.00042422
0.00277,0.00042577
0.002775,0.00042732
0.00278,0.00042888
0.002785,0.00043044
0.00279,0.00043201
0.002795,0.00043359
0.0028,0.00043517
0.002805,0.00043677
0.00281,0.00043838
0.002815,0.00044
0.00282,0.00044163
0.002825,0.00044327
0.00283,0.00044493
0.002835,0.0004466
0.00284,0.00044828
0.002845,0.00044998
0.00285,0.00045169
0.002855,0.00045341
0.00286,0.00045514
0.002865,0.00045688
0.00287,0.00045863
0.002875,0.00046039
0.00288,0.00046215
0.002885,0.00046392
0.00289,0.0004657
0.002895,0.00046748
0.0029,0.00046926
0.002905,0.00047105
0.00291,0.00047283
0.002915,0.00047461
0.00292,0.00047639
0.002925,0.00047817
0.00293,0.00047994
0.002935,0.00048171
0.00294,0.00048347
0.002945,0.00048523
0.00295,0.00048698
0.002955,0.00048872
0.00296,0.00049046
0.002965,0.00049219
0.00297,0.00049391
0.002975,0.00049563
0.00298,0.00049735
0.002985,0.00049906
0.00299,0.00050077
0.002995,0.00050248
0.003,0.00050419
0.003005,0.0005059
0.00301,0.00050762
0.003015,0.00050933
0.00302,0.00051106
0.003025,0.00051279
0.00303,0.00051452
0.003035,0.00051627
0.00304,0.00051802
0.003045,0.00051979
0.00305,0.00052157
0.003055,0.00052336
0.00306,0.00052517
0.003065,0.00052699
0.00307,0.00052882
0.003075,0.00053067
0.00308,0.00053253
0.003085,0.0005344
0.00309,0.00053629
0.003095,0.00053819
0.0031,0.0005401
0.003105,0.00054203
0.00311,0.00054396
0.003115,0.0005459
0.00312,0.00054785
0.003125,0.0005498
0.00313,0.00055176
0.003135,0.00055373
0.00314,0.00055569
0.003145,0.00055766
0.00315,0.00055962
0.003155,0.00056158
0.00316,0.00056354
0.003165,0.00056549
0.00317,0.00056744
0.003175,0.00056938
0.00318,0.00057132
0.003185,0.00057325
0.00319,0.00057517
0.003195,0.00057709
0.0032,0.00057899
0.003205,0.00058089
0.00321,0.00058279
0.003215,0.00058468
0.00322,0.00058656
0.003225,0.00058845
0.00323,0.00059033
0.003235,0.0005922
0.00324,0.00059408
0.003245,0.00059596
0.00325,0.00059785
0.003255,0.00059973
0.00326,0.00060163
0.003265,0.00060353
0.00327,0.00060544
0.003275,0.00060736
0.00328,0.0006093
0.003285,0.00061124
0.00329,0.0006132
0.003295,0.00061517
0.0033,0.00061716
0.003305,0.00061916
0.00331,0.00062118
0.003315,0.00062321
0.00332,0.00062526
0.003325,0.00062732
0.00333,0.0006294
0.003335,0.00063149
0.00334,0.00063359
0.003345,0.0006357
0.00335,0.00063783
0.003355,0.00063996
0.00336,0.0006421
0.003365,0.00064424
0.00337,0.00064639
0.003375,0.00064854
0.00338,0.00065069
0.003385,0.00065284
0.00339,0.00065499
0.003395,0.00065714
0.0034,0.00065928
0.003405,0.00066141
0.00341,0.00066354
0.003415,0.00066566
0.00342,0.00066778
0.003425,0.00066988
0.00343,0.00067198
0.003435,0.00067407
0.00344,0.00067616
0.003445,0.00067823
0.00345,0.0006803
0.003455,0.00068236
0.00346,0.00068442
0.003465,0.00068648
0.00347,0.00068853
0.003475,0.00069058
0.00348,0.00069263
0.003485,0.00069469
0.00349,0.00069675
0.003495,0.00069882
0.0035,0.00070089
0.003505,0.00070297
0.00351,0.00070506
0.003515,0.00070717
0.00352,0.00070929
0.003525,0.00071142
0.00353,0.00071356
0.003535,0.00071572
0.00354,0.0007179
0.003545,0.0007201
0.00355,0.00072231
0.003555,0.00072453
0.00356,0.00072678
0.003565,0.00072904
0.00357,0.00073131
0.003575,0.00073359
0.00358,0.00073589
0.003585,0.0007382
0.00359,0.00074052
0.003595,0.00074285
0.0036,0.00074518
0.003605,0.00074752
0.00361,0.00074986
0.003615,0.00075221
0.00362,0.00075455
0.003625,0.00075689
0.00363,0.00075923
0.003635,0.00076156
0.00364,0.00076389
0.003645,0.00076621
0.00365,0.00076852
0.003655,0.00077083
0.00366,0.00077312
0.003665,0.00077541
0.00367,0.00077769
0.003675,0.00077995
0.00368,0.00078221
0.003685,0.00078447
0.00369,0.00078671
0.003695,0.00078895
0.0037,0.00079119
0.003705,0.00079342
0.00371,0.00079565
0.003715,0.00079788
0.00372,0.00080011
0.003725,0.00080235
0.00373,0.00080459
0.003735,0.00080684
0.00374,0.0008091
0.003745,0.00081137
0.00375,0.00081365
0.003755,0.00081595
0.00376,0.00081826
0.003765,0.00082058
0.00377,0.00082292
0.003775,0.00082528
0.00378,0.00082766
0.003785,0.00083005
0.00379,0.00083246
0.003795,0.00083489
0.0038,0.00083734
0.003805,0.0008398
0.00381,0.00084227
0.003815,0.00084476
0.00382,0.00084727
0.003825,0.00084978
0.00383,0.0008523
0.003835,0.00085483
0.00384,0.00085736
0.003845,0.0008599
0.00385,0.00086244
0.003855,0.00086498
0.00386,0.00086751
0.003865,0.00087005
0.00387,0.00087258
0.003875,0.0008751
0.00388,0.00087761
0.003885,0.00088012
0.00389,0.00088262
0.003895,0.0008851
0.0039,0.00088758
0.003905,0.00089005
0.00391,0.0008925
0.003915,0.00089495
0.00392,0.00089739
0.003925,0.00089982
0.00393,0.00090224
0.003935,0.00090466
0.00394,0.00090707
0.003945,0.00090949
0.00395,0.0009119
0.003955,0.00091431
0.00396,0.00091673
0.003965,0.00091915
0.00397,0.00092158
0.003975,0.00092402
0.00398,0.00092647
0.003985,0.00092893
0.00399,0.00093141
0.003995,0.0009339
0.004,0.00093641
