0,0.00045116
5e-06,0.0017976
1e-05,0.0040179
1.5e-05,0.0070771
2e-05,0.010926
2.5e-05,0.015503
3e-05,0.020732
3.5e-05,0.026527
4e-05,0.032791
4.5e-05,0.039416
5e-05,0.046286
5.5e-05,0.053281
6e-05,0.060273
6.5e-05,0.067134
7e-05,0.073736
7.5e-05,0.079954
8e-05,0.085666
8.5e-05,0.09076
9e-05,0.095133
9.5e-05,0.098694
0.0001,0.10137
0.000105,0.1031
0.00011,0.10384
0.000115,0.10357
0.00012,0.10229
0.000125,0.10003
0.00013,0.09681
0.000135,0.092704
0.00014,0.087789
0.000145,0.082163
0.00015,0.07594
0.000155,0.069249
0.00016,0.06223
0.000165,0.055029
0.00017,0.047801
0.000175,0.040699
0.00018,0.033878
0.000185,0.027484
0.00019,0.021658
0.000195,0.016526
0.0002,0.012201
0.000205,0.0087778
0.00021,0.0063304
0.000215,0.0049121
0.00022,0.004553
0.000225,0.0052592
0.00023,0.0070132
0.000235,0.0097735
0.00024,0.013477
0.000245,0.018037
0.00025,0.023352
0.000255,0.029301
0.00026,0.035748
0.000265,0.04255
0.00027,0.049553
0.000275,0.056602
0.00028,0.063539
0.000285,0.07021
0.00029,0.076468
0.000295,0.082175
0.0003,0.087206
0.000305,0.09145
0.00031,0.094815
0.000315,0.097229
0.00032,0.098638
0.000325,0.099014
0.00033,0.09835
0.000335,0.096661
0.00034,0.093986
0.000345,0.090385
0.00035,0.085939
0.000355,0.080747
0.00036,0.074925
0.000365,0.068603
0.00037,0.061922
0.000375,0.055031
0.00038,0.048085
0.000385,0.041237
0.00039,0.034643
0.000395,0.028448
0.0004,0.022792
0.000405,0.017801
0.00041,0.013587
0.000415,0.010242
0.00042,0.0078418
0.000425,0.0064376
0.00043,0.0060595
0.000435,0.006714
0.00044,0.0083841
0.000445,0.01103
0.00045,0.01459
0.000455,0.018982
0.00046,0.024106
0.000465,0.029843
0.00047,0.036065
0.000475,0.042631
0.00048,0.049393
0.000485,0.0562
0.00049,0.062901
0.000495,0.069346
0.0005,0.075393
0.000505,0.080908
0.00051,0.085771
0.000515,0.089876
0.00052,0.093132
0.000525,0.095471
0.00053,0.096841
0.000535,0.097215
0.00054,0.096586
0.000545,0.09497
0.00055,0.092404
0.000555,0.088946
0.00056,0.084675
0.000565,0.079687
0.00057,0.074093
0.000575,0.06802
0.00058,0.061603
0.000585,0.054986
0.00059,0.048317
0.000595,0.041747
0.0006,0.035422
0.000605,0.029484
0.00061,0.024066
0.000615,0.019289
0.00062,0.015258
0.000625,0.012064
0.00063,0.0097768
0.000635,0.0084453
0.00064,0.0080972
0.000645,0.008738
0.00065,0.01035
0.000655,0.012895
0.00066,0.016312
0.000665,0.020522
0.00067,0.025428
0.000675,0.030917
0.00068,0.036864
0.000685,0.043135
0.00069,0.049589
0.000695,0.05608
0.0007,0.062463
0.000705,0.068597
0.00071,0.074347
0.000715,0.079584
0.00072,0.084194
0.000725,0.088077
0.00073,0.091149
0.000735,0.093342
0.00074,0.094612
0.000745,0.094931
0.00075,0.094294
0.000755,0.092719
0.00076,0.090241
0.000765,0.086919
0.00077,0.082827
0.000775,0.078058
0.00078,0.07272
0.000785,0.066933
0.00079,0.060828
0.000795,0.054543
0.0008,0.048218
0.000805,0.041996
0.00081,0.036016
0.000815,0.030414
0.00082,0.025314
0.000825,0.020831
0.00083,0.017063
0.000835,0.014095
0.00084,0.01199
0.000845,0.010795
0.00085,0.010533
0.000855,0.011207
0.00086,0.012799
0.000865,0.015269
0.00087,0.018559
0.000875,0.022592
0.00088,0.027274
0.000885,0.032497
0.00089,0.038142
0.000895,0.044081
0.0009,0.050179
0.000905,0.0563
0.00091,0.062306
0.000915,0.068064
0.00092,0.073445
0.000925,0.078332
0.00093,0.082617
0.000935,0.086205
0.00094,0.08902
0.000945,0.091001
0.00095,0.092107
0.000955,0.092314
0.00096,0.09162
0.000965,0.090044
0.00097,0.087622
0.000975,0.084411
0.00098,0.080485
0.000985,0.075932
0.00099,0.070856
0.000995,0.065373
0.001,0.059606
0.001005,0.053687
0.00101,0.047748
0.001015,0.041924
0.00102,0.036346
0.001025,0.03114
0.00103,0.026423
0.001035,0.022299
0.00104,0.018861
0.001045,0.016184
0.00105,0.014326
0.001055,0.013328
0.00106,0.013207
0.001065,0.013965
0.00107,0.01558
0.001075,0.018012
0.00108,0.021204
0.001085,0.025079
0.00109,0.029549
0.001095,0.034509
0.0011,0.039845
0.001105,0.045437
0.00111,0.051157
0.001115,0.056876
0.00112,0.062467
0.001125,0.067804
0.00113,0.072768
0.001135,0.077251
0.00114,0.081153
0.001145,0.084389
0.00115,0.086888
0.001155,0.088598
0.00116,0.089482
0.001165,0.089524
0.00117,0.088723
0.001175,0.087101
0.00118,0.084696
0.001185,0.081563
0.00119,0.077776
0.001195,0.073421
0.0012,0.068597
0.001205,0.063415
0.00121,0.057991
0.001215,0.052451
0.00122,0.046918
0.001225,0.04152
0.00123,0.036377
0.001235,0.031605
0.00124,0.027313
0.001245,0.023596
0.00125,0.020536
0.001255,0.018202
0.00126,0.016643
0.001265,0.015893
0.00127,0.015964
0.001275,0.016853
0.00128,0.018536
0.001285,0.02097
0.00129,0.024099
0.001295,0.027847
0.0013,0.032127
0.001305,0.036841
0.00131,0.04188
0.001315,0.047129
0.00132,0.052468
0.001325,0.057777
0.00133,0.062936
0.001335,0.067831
0.00134,0.072351
0.001345,0.076397
0.00135,0.07988
0.001355,0.082724
0.00136,0.084866
0.001365,0.08626
0.00137,0.086878
0.001375,0.086709
0.00138,0.085757
0.001385,0.084046
0.00139,0.081618
0.001395,0.078527
0.0014,0.074847
0.001405,0.070662
0.00141,0.066067
0.001415,0.061168
0.00142,0.056076
0.001425,0.050908
0.00143,0.045782
0.001435,0.040814
0.00144,0.036117
0.001445,0.031797
0.00145,0.027951
0.001455,0.024666
0.00146,0.022015
0.001465,0.020056
0.00147,0.018831
0.001475,0.018366
0.00148,0.018668
0.001485,0.019726
0.00149,0.021515
0.001495,0.023989
0.0015,0.02709
0.001505,0.030745
0.00151,0.034868
0.001515,0.039363
0.00152,0.044127
0.001525,0.049051
0.00153,0.054024
0.001535,0.058931
0.00154,0.063664
0.001545,0.068115
0.00155,0.072186
0.001555,0.075786
0.00156,0.078835
0.001565,0.081266
0.00157,0.083027
0.001575,0.08408
0.00158,0.084402
0.001585,0.08399
0.00159,0.082853
0.001595,0.08102
0.0016,0.078534
0.001605,0.075452
0.00161,0.071845
0.001615,0.067798
0.00162,0.063402
0.001625,0.058759
0.00163,0.053975
0.001635,0.04916
0.00164,0.044424
0.001645,0.039874
0.00165,0.035614
0.001655,0.031742
0.00166,0.028343
0.001665,0.025496
0.00167,0.023262
0.001675,0.021692
0.00168,0.020818
0.001685,0.020658
0.00169,0.021214
0.001695,0.022468
0.0017,0.024391
0.001705,0.026935
0.00171,0.03004
0.001715,0.033633
0.00172,0.037629
0.001725,0.041936
0.00173,0.046456
0.001735,0.051084
0.00174,0.055716
0.001745,0.060245
0.00175,0.064571
0.001755,0.068596
0.00176,0.072229
0.001765,0.075391
0.00177,0.07801
0.001775,0.08003
0.00178,0.081406
0.001785,0.082108
0.00179,0.082124
0.001795,0.081452
0.0018,0.080112
0.001805,0.078134
0.00181,0.075564
0.001815,0.072463
0.00182,0.068902
0.001825,0.064962
0.00183,0.060735
0.001835,0.056318
0.00184,0.051812
0.001845,0.047321
0.00185,0.042947
0.001855,0.03879
0.00186,0.034945
0.001865,0.0315
0.00187,0.028532
0.001875,0.026108
0.00188,0.024283
0.001885,0.023096
0.00189,0.022572
0.001895,0.022721
0.0019,0.023538
0.001905,0.025
0.00191,0.027073
0.001915,0.029705
0.00192,0.032836
0.001925,0.036392
0.00193,0.040289
0.001935,0.044438
0.00194,0.048744
0.001945,0.053108
0.00195,0.05743
0.001955,0.061613
0.00196,0.065563
0.001965,0.069189
0.00197,0.072412
0.001975,0.075159
0.00198,0.077369
0.001985,0.078994
0.00199,0.079998
0.001995,0.080359
0.002,0.080071
0.002005,0.079141
0.00201,0.077592
0.002015,0.07546
0.00202,0.072794
0.002025,0.069657
0.00203,0.06612
0.002035,0.062265
0.00204,0.05818
0.002045,0.053959
0.00205,0.0497
0.002055,0.0455
0.00206,0.041455
0.002065,0.037658
0.00207,0.034196
0.002075,0.031147
0.00208,0.028581
0.002085,0.026554
0.00209,0.025114
0.002095,0.024289
0.0021,0.024099
0.002105,0.024545
0.00211,0.025614
0.002115,0.027281
0.00212,0.029505
0.002125,0.032234
0.00213,0.035402
0.002135,0.038936
0.00214,0.042755
0.002145,0.04677
0.00215,0.05089
0.002155,0.055019
0.00216,0.059065
0.002165,0.062936
0.00217,0.066543
0.002175,0.069807
0.00218,0.072654
0.002185,0.07502
0.00219,0.076853
0.002195,0.078112
0.0022,0.078769
0.002205,0.078811
0.00221,0.078238
0.002215,0.077064
0.00222,0.075316
0.002225,0.073034
0.00223,0.070272
0.002235,0.067092
0.00224,0.063569
0.002245,0.059782
0.00225,0.055819
0.002255,0.051771
0.00226,0.047731
0.002265,0.043792
0.00227,0.040043
0.002275,0.03657
0.00228,0.033454
0.002285,0.030765
0.00229,0.028563
0.002295,0.026898
0.0023,0.025808
0.002305,0.025315
0.00231,0.02543
0.002315,0.026148
0.00232,0.027451
0.002325,0.029307
0.00233,0.031673
0.002335,0.034491
0.00234,0.037698
0.002345,0.041217
0.00235,0.044969
0.002355,0.048866
0.00236,0.05282
0.002365,0.056741
0.00237,0.06054
0.002375,0.06413
0.00238,0.067432
0.002385,0.07037
0.00239,0.072878
0.002395,0.074902
0.0024,0.076395
0.002405,0.077324
0.00241,0.07767
0.002415,0.077425
0.00242,0.076596
0.002425,0.075201
0.00243,0.073274
0.002435,0.070857
0.00244,0.068008
0.002445,0.064791
0.00245,0.06128
0.002455,0.057556
0.00246,0.053703
0.002465,0.049811
0.00247,0.045968
0.002475,0.042262
0.00248,0.038779
0.002485,0.035598
0.00249,0.032791
0.002495,0.030423
0.0025,0.028547
0.002505,0.027205
0.00251,0.026426
0.002515,0.026228
0.00252,0.026613
0.002525,0.027571
0.00253,0.029079
0.002535,0.0311
0.00254,0.033587
0.002545,0.036482
0.00255,0.039718
0.002555,0.043219
0.00256,0.046906
0.002565,0.050694
0.00257,0.054497
0.002575,0.058228
0.00258,0.061803
0.002585,0.065142
0.00259,0.068169
0.002595,0.070815
0.0026,0.073023
0.002605,0.074742
0.00261,0.075935
0.002615,0.076574
0.00262,0.076647
0.002625,0.076151
0.00263,0.075099
0.002635,0.073515
0.00264,0.071435
0.002645,0.068907
0.00265,0.065989
0.002655,0.062747
0.00266,0.059256
0.002665,0.055595
0.00267,0.051848
0.002675,0.048101
0.00268,0.04444
0.002685,0.040948
0.00269,0.037706
0.002695,0.034787
0.0027,0.032258
0.002705,0.030175
0.00271,0.028587
0.002715,0.027529
0.00272,0.027023
0.002725,0.02708
0.00273,0.027698
0.002735,0.028861
0.00274,0.03054
0.002745,0.032697
0.00275,0.035281
0.002755,0.038232
0.00276,0.041481
0.002765,0.044955
0.00277,0.048572
0.002775,0.052252
0.00278,0.055911
0.002785,0.059465
0.00279,0.062834
0.002795,0.065943
0.0028,0.068722
0.002805,0.071108
0.00281,0.073048
0.002815,0.074498
0.00282,0.075427
0.002825,0.075814
0.00283,0.075651
0.002835,0.074942
0.00284,0.073703
0.002845,0.071962
0.00285,0.06976
0.002855,0.067147
0.00286,0.064181
0.002865,0.060932
0.00287,0.057473
0.002875,0.053883
0.00288,0.050243
0.002885,0.046639
0.00289,0.04315
0.002895,0.039858
0.0029,0.036837
0.002905,0.034157
0.00291,0.031877
0.002915,0.03005
0.00292,0.028717
0.002925,0.027907
0.00293,0.027637
0.002935,0.027913
0.00294,0.028727
0.002945,0.030059
0.00295,0.031878
0.002955,0.034141
0.00296,0.036794
0.002965,0.039778
0.00297,0.043023
0.002975,0.046455
0.00298,0.049995
0.002985,0.053563
0.00299,0.057079
0.002995,0.060463
0.003,0.063639
0.003005,0.066535
0.00301,0.069086
0.003015,0.071236
0.00302,0.072936
0.003025,0.074148
0.00303,0.074847
0.003035,0.075015
0.00304,0.074651
0.003045,0.073762
0.00305,0.072369
0.003055,0.070504
0.00306,0.068209
0.003065,0.065536
0.00307,0.062547
0.003075,0.059309
0.00308,0.055897
0.003085,0.052388
0.00309,0.048861
0.003095,0.045398
0.0031,0.042078
0.003105,0.038976
0.00311,0.036163
0.003115,0.033702
0.00312,0.03165
0.003125,0.030053
0.00313,0.028946
0.003135,0.028353
0.00314,0.028288
0.003145,0.02875
0.00315,0.029728
0.003155,0.031199
0.00316,0.033126
0.003165,0.035466
0.00317,0.038165
0.003175,0.041159
0.00318,0.044381
0.003185,0.047757
0.00319,0.05121
0.003195,0.054661
0.0032,0.058034
0.003205,0.061251
0.00321,0.064241
0.003215,0.066936
0.00322,0.069277
0.003225,0.07121
0.00323,0.072693
0.003235,0.073693
0.00324,0.074188
0.003245,0.074167
0.00325,0.073631
0.003255,0.072592
0.00326,0.071075
0.003265,0.069113
0.00327,0.066751
0.003275,0.064043
0.00328,0.061051
0.003285,0.057843
0.00329,0.054491
0.003295,0.051072
0.0033,0.047664
0.003305,0.044345
0.00331,0.04119
0.003315,0.038271
0.00332,0.035654
0.003325,0.033399
0.00333,0.031557
0.003335,0.030168
0.00334,0.029264
0.003345,0.028865
0.00335,0.028977
0.003355,0.029599
0.00336,0.030714
0.003365,0.032295
0.00337,0.034306
0.003375,0.0367
0.00338,0.039421
0.003385,0.042408
0.00339,0.045591
0.003395,0.048898
0.0034,0.052255
0.003405,0.055585
0.00341,0.058812
0.003415,0.061866
0.00342,0.064677
0.003425,0.067181
0.00343,0.069324
0.003435,0.071057
0.00344,0.072343
0.003445,0.073151
0.00345,0.073465
0.003455,0.073278
0.00346,0.072595
0.003465,0.071431
0.00347,0.069812
0.003475,0.067776
0.00348,0.065369
0.003485,0.062646
0.00349,0.059668
0.003495,0.056502
0.0035,0.053222
0.003505,0.049902
0.00351,0.046617
0.003515,0.043442
0.00352,0.04045
0.003525,0.037708
0.00353,0.035278
0.003535,0.033216
0.00354,0.031567
0.003545,0.03037
0.00355,0.029649
0.003555,0.029421
0.00356,0.02969
0.003565,0.030448
0.00357,0.031678
0.003575,0.033349
0.00358,0.035423
0.003585,0.037852
0.00359,0.040579
0.003595,0.043543
0.0036,0.046676
0.003605,0.049906
0.00361,0.053161
0.003615,0.056366
0.00362,0.05945
0.003625,0.062344
0.00363,0.064982
0.003635,0.067306
0.00364,0.069263
0.003645,0.070811
0.00365,0.071915
0.003655,0.07255
0.00366,0.072702
0.003665,0.07237
0.00367,0.071559
0.003675,0.070289
0.00368,0.068589
0.003685,0.066497
0.00369,0.064061
0.003695,0.061336
0.0037,0.058383
0.003705,0.055271
0.00371,0.05207
0.003715,0.048852
0.00372,0.045691
0.003725,0.042659
0.00373,0.039824
0.003735,0.037251
0.00374,0.034998
0.003745,0.033116
0.00375,0.031647
0.003755,0.030624
0.00376,0.03007
0.003765,0.029996
0.00377,0.030402
0.003775,0.031279
0.00378,0.032605
0.003785,0.034349
0.00379,0.03647
0.003795,0.03892
0.0038,0.041642
0.003805,0.044574
0.00381,0.04765
0.003815,0.050798
0.00382,0.053949
0.003825,0.057031
0.00383,0.059975
0.003835,0.062715
0.00384,0.065189
0.003845,0.067343
0.00385,0.069128
0.003855,0.070505
0.00386,0.071443
0.003865,0.071921
0.00387,0.071929
0.003875,0.071467
0.00388,0.070546
0.003885,0.069187
0.00389,0.06742
0.003895,0.065286
0.0039,0.062832
0.003905,0.060116
0.00391,0.057197
0.003915,0.054143
0.00392,0.051023
0.003925,0.047908
0.00393,0.044868
0.003935,0.041973
0.00394,0.039288
0.003945,0.036874
0.00395,0.034786
0.003955,0.033071
0.00396,0.031767
0.003965,0.030903
0.00397,0.030498
0.003975,0.03056
0.00398,0.031088
0.003985,0.032067
0.00399,0.033474
0.003995,0.035277
0.004,0.037434
0.004005,0.039895
0.00401,0.042603
0.004015,0.045498
0.00402,0.048513
0.004025,0.051579
0.00403,0.054628
0.004035,0.057592
0.00404,0.060403
0.004045,0.062998
0.00405,0.06532
0.004055,0.067317
0.00406,0.068944
0.004065,0.070165
0.00407,0.070954
0.004075,0.071292
0.00408,0.071172
0.004085,0.070597
0.00409,0.069581
0.004095,0.068147
0.0041,0.066326
0.004105,0.06416
0.00411,0.061699
0.004115,0.058997
0.00412,0.056116
0.004125,0.053122
0.00413,0.050082
0.004135,0.047066
0.00414,0.044141
0.004145,0.041374
0.00415,0.038828
0.004155,0.036561
0.00416,0.034624
0.004165,0.033059
0.00417,0.031903
0.004175,0.031181
0.00418,0.030909
0.004185,0.031091
0.00419,0.031723
0.004195,0.032789
0.0042,0.034264
0.004205,0.036114
0.00421,0.038297
0.004215,0.040761
0.00422,0.043451
0.004225,0.046305
0.00423,0.04926
0.004235,0.052247
0.00424,0.0552
0.004245,0.058052
0.00425,0.06074
0.004255,0.063203
0.00426,0.065387
0.004265,0.067242
0.00427,0.068728
0.004275,0.069811
0.00428,0.070467
0.004285,0.070682
0.00429,0.070451
0.004295,0.06978
0.0043,0.068684
0.004305,0.067188
0.00431,0.065325
0.004315,0.063137
0.00432,0.060674
0.004325,0.057992
0.00433,0.055151
0.004335,0.052216
0.00434,0.049252
0.004345,0.046328
0.00435,0.04351
0.004355,0.04086
0.00436,0.038441
0.004365,0.036305
0.00437,0.034502
0.004375,0.033071
0.00438,0.032045
0.004385,0.031447
0.00439,0.031288
0.004395,0.031572
0.0044,0.032292
0.004405,0.03343
0.00441,0.03496
0.004415,0.036846
0.00442,0.039045
0.004425,0.041506
0.00443,0.044173
0.004435,0.046987
0.00444,0.049882
0.004445,0.052795
0.00445,0.055659
0.004455,0.05841
0.00446,0.060987
0.004465,0.063332
0.00447,0.065393
0.004475,0.067123
0.00448,0.068485
0.004485,0.069449
0.00449,0.069992
0.004495,0.070103
0.0045,0.069779
0.004505,0.069028
0.00451,0.067868
0.004515,0.066323
0.00452,0.064429
0.004525,0.062228
0.00453,0.059771
0.004535,0.057111
0.00454,0.054311
0.004545,0.051432
0.00455,0.048541
0.004555,0.045702
0.00456,0.042979
0.004565,0.040435
0.00457,0.038127
0.004575,0.036106
0.00458,0.03442
0.004585,0.033104
0.00459,0.032189
0.004595,0.031694
0.0046,0.03163
0.004605,0.031999
0.00461,0.032789
0.004615,0.033984
0.00462,0.035554
0.004625,0.037464
0.00463,0.039671
0.004635,0.042122
0.00464,0.044764
0.004645,0.047536
0.00465,0.050375
0.004655,0.053218
0.00466,0.056
0.004665,0.058661
0.00467,0.061139
0.004675,0.063381
0.00468,0.065335
0.004685,0.066959
0.00469,0.068217
0.004695,0.06908
0.0047,0.069529
0.004705,0.069555
0.00471,0.069157
0.004715,0.068344
0.00472,0.067135
0.004725,0.065555
0.00473,0.063642
0.004735,0.061438
0.00474,0.058992
0.004745,0.05636
0.00475,0.053601
0.004755,0.050777
0.00476,0.047953
0.004765,0.045191
0.00477,0.042554
0.004775,0.040102
0.00478,0.037891
0.004785,0.035969
0.00479,0.03438
0.004795,0.033161
0.0048,0.032336
0.004805,0.031926
0.00481,0.031938
0.004815,0.032371
0.00482,0.033215
0.004825,0.03445
0.00483,0.036047
0.004835,0.03797
0.00484,0.040174
0.004845,0.04261
0.00485,0.045221
0.004855,0.04795
0.00486,0.050735
0.004865,0.053513
0.00487,0.056222
0.004875,0.058802
0.00488,0.061195
0.004885,0.063347
0.00489,0.065212
0.004895,0.066747
0.0049,0.067918
0.004905,0.0687
0.00491,0.069075
0.004915,0.069036
0.00492,0.068582
0.004925,0.067724
0.00493,0.066481
0.004935,0.064882
0.00494,0.062962
0.004945,0.060763
0.00495,0.058337
0.004955,0.055736
0.00496,0.05302
0.004965,0.05025
0.00497,0.047488
0.004975,0.044796
0.00498,0.042236
0.004985,0.039864
0.00499,0.037735
0.004995,0.035896
0.005,0.034389
0.005005,0.033246
0.00501,0.032494
0.005015,0.032149
0.00502,0.032217
0.005025,0.032697
0.00503,0.033578
0.005035,0.034837
0.00504,0.036447
0.005045,0.03837
0.00505,0.040562
0.005055,0.042974
0.00506,0.045552
0.005065,0.048236
0.00507,0.050968
0.005075,0.053685
0.00508,0.056327
0.005085,0.058835
0.00509,0.061153
0.005095,0.06323
0.0051,0.06502
0.005105,0.066483
0.00511,0.067586
0.005115,0.068305
0.00512,0.068624
0.005125,0.068537
0.00513,0.068045
0.005135,0.067159
0.00514,0.065899
0.005145,0.064294
0.00515,0.062378
0.005155,0.060196
0.00516,0.057796
0.005165,0.055231
0.00517,0.05256
0.005175,0.049842
0.00518,0.04714
0.005185,0.044512
0.00519,0.04202
0.005195,0.039718
0.0052,0.037659
0.005205,0.035888
0.00521,0.034446
0.005215,0.033364
0.00522,0.032666
0.005225,0.032368
0.00523,0.032476
0.005235,0.032985
0.00524,0.033885
0.005245,0.035154
0.00525,0.036763
0.005255,0.038675
0.00526,0.040846
0.005265,0.043228
0.00527,0.045766
0.005275,0.048404
0.00528,0.051083
0.005285,0.053742
0.00529,0.056323
0.005295,0.058767
0.0053,0.061021
0.005305,0.063034
0.00531,0.064763
0.005315,0.066168
0.00532,0.067218
0.005325,0.067891
0.00533,0.068172
0.005335,0.068054
0.00534,0.06754
0.005345,0.066642
0.00535,0.065379
0.005355,0.06378
0.00536,0.061881
0.005365,0.059724
0.00537,0.057357
0.005375,0.054833
0.00538,0.052209
0.005385,0.049545
0.00539,0.046898
0.005395,0.044331
0.0054,0.041899
0.005405,0.039657
0.00541,0.037656
0.005415,0.035941
0.00542,0.03455
0.005425,0.033514
0.00543,0.032855
0.005435,0.032588
0.00544,0.032718
0.005445,0.033242
0.00545,0.034146
0.005455,0.035411
0.00546,0.037007
0.005465,0.038897
0.00547,0.041038
0.005475,0.043383
0.00548,0.045878
0.005485,0.048468
0.00549,0.051094
0.005495,0.053697
0.0055,0.056221
0.005505,0.058608
0.00551,0.060806
0.005515,0.062766
0.00552,0.064445
0.005525,0.065806
0.00553,0.066818
0.005535,0.06746
0.00554,0.067717
0.005545,0.067583
0.00555,0.067062
0.005555,0.066165
0.00556,0.064912
0.005565,0.063332
0.00557,0.061459
0.005575,0.059335
0.00558,0.057007
0.005585,0.054529
0.00559,0.051955
0.005595,0.049343
0.0056,0.046751
0.005605,0.044238
0.00561,0.04186
0.005615,0.039671
0.00562,0.037719
0.005625,0.036048
0.00563,0.034695
0.005635,0.033691
0.00564,0.033057
0.005645,0.032807
0.00565,0.032946
0.005655,0.03347
0.00566,0.034367
0.005665,0.035615
0.00567,0.037187
0.005675,0.039046
0.00568,0.041151
0.005685,0.043453
0.00569,0.045901
0.005695,0.04844
0.0057,0.051014
0.005705,0.053564
0.00571,0.056035
0.005715,0.058371
0.00572,0.060521
0.005725,0.062438
0.00573,0.064078
0.005735,0.065406
0.00574,0.066392
0.005745,0.067015
0.00575,0.067261
0.005755,0.067125
0.00576,0.066609
0.005765,0.065726
0.00577,0.064494
0.005775,0.062942
0.00578,0.061103
0.005785,0.05902
0.00579,0.056737
0.005795,0.054307
0.0058,0.051784
0.005805,0.049224
0.00581,0.046685
0.005815,0.044222
0.00582,0.041893
0.005825,0.039748
0.00583,0.037836
0.005835,0.036199
0.00584,0.034873
0.005845,0.033889
0.00585,0.033268
0.005855,0.033023
0.00586,0.033158
0.005865,0.033671
0.00587,0.034548
0.005875,0.035771
0.00588,0.03731
0.005885,0.03913
0.00589,0.041191
0.005895,0.043446
0.0059,0.045844
0.005905,0.048332
0.00591,0.050854
0.005915,0.053354
0.00592,0.055777
0.005925,0.058068
0.00593,0.060178
0.005935,0.062059
0.00594,0.06367
0.005945,0.064976
0.00595,0.065948
0.005955,0.066564
0.00596,0.066811
0.005965,0.066683
0.00597,0.066184
0.005975,0.065324
0.00598,0.064123
0.005985,0.062608
0.00599,0.060811
0.005995,0.058773
0.006,0.05654
0.006005,0.054161
0.00601,0.051689
0.006015,0.04918
0.00602,0.04669
0.006025,0.044274
0.00603,0.041986
0.006035,0.039879
0.00604,0.037997
0.006045,0.036385
0.00605,0.035077
0.006055,0.034102
0.00606,0.033482
0.006065,0.033229
0.00607,0.03335
0.006075,0.033841
0.00608,0.03469
0.006085,0.035877
0.00609,0.037375
0.006095,0.039151
0.0061,0.041163
0.006105,0.043368
0.00611,0.045714
0.006115,0.048151
0.00612,0.050623
0.006125,0.053075
0.00613,0.055455
0.006135,0.057707
0.00614,0.059784
0.006145,0.061638
0.00615,0.06323
0.006155,0.064524
0.00616,0.065491
0.006165,0.066111
0.00617,0.06637
0.006175,0.066262
0.00618,0.06579
0.006185,0.064963
0.00619,0.063801
0.006195,0.06233
0.0062,0.060581
0.006205,0.058593
0.00621,0.056412
0.006215,0.054086
0.00622,0.051665
0.006225,0.049206
0.00623,0.046761
0.006235,0.044386
0.00624,0.042135
0.006245,0.040056
0.00625,0.038198
0.006255,0.0366
0.00626,0.035299
0.006265,0.034322
0.00627,0.033693
0.006275,0.033423
0.00628,0.033519
0.006285,0.033978
0.00629,0.034789
0.006295,0.035933
0.0063,0.037383
0.006305,0.039108
0.00631,0.041068
0.006315,0.043219
0.00632,0.045513
0.006325,0.047899
0.00633,0.050323
0.006335,0.052732
0.00634,0.055073
0.006345,0.057293
0.00635,0.059344
0.006355,0.061181
0.00636,0.062762
0.006365,0.064054
0.00637,0.065028
0.006375,0.065663
0.00638,0.065944
0.006385,0.065865
0.00639,0.065429
0.006395,0.064645
0.0064,0.06353
0.006405,0.062109
0.00641,0.060414
0.006415,0.058481
0.00642,0.056355
0.006425,0.054081
0.00643,0.051712
0.006435,0.049299
0.00644,0.046897
0.006445,0.044558
0.00645,0.042336
0.006455,0.04028
0.00646,0.038435
0.006465,0.036842
0.00647,0.035537
0.006475,0.034549
0.00648,0.033899
0.006485,0.033602
0.00649,0.033663
0.006495,0.03408
0.0065,0.034844
0.006505,0.035937
0.00651,0.037333
0.006515,0.039002
0.00652,0.040905
0.006525,0.043
0.00653,0.045241
0.006535,0.047576
0.00654,0.049955
0.006545,0.052324
0.00655,0.054631
0.006555,0.056826
0.00656,0.058859
0.006565,0.060686
0.00657,0.062267
0.006575,0.063567
0.00658,0.064558
0.006585,0.065218
0.00659,0.065532
0.006595,0.065493
0.0066,0.065103
0.006605,0.06437
0.00661,0.06331
0.006615,0.061947
0.00662,0.06031
0.006625,0.058437
0.00663,0.056368
0.006635,0.054149
0.00664,0.05183
0.006645,0.049463
0.00665,0.047099
0.006655,0.044792
0.00666,0.042593
0.006665,0.04055
0.00667,0.03871
0.006675,0.037114
0.00668,0.035795
0.006685,0.034785
0.00669,0.034104
0.006695,0.033768
0.0067,0.033783
0.006705,0.034149
0.00671,0.034857
0.006715,0.03589
0.00672,0.037225
0.006725,0.038832
0.00673,0.040674
0.006735,0.042711
0.00674,0.044896
0.006745,0.047181
0.00675,0.049516
0.006755,0.051849
0.00676,0.054127
0.006765,0.056302
0.00677,0.058325
0.006775,0.060151
0.00678,0.061741
0.006785,0.063059
0.00679,0.064077
0.006795,0.064773
0.0068,0.06513
0.006805,0.065142
0.00681,0.064808
0.006815,0.064136
0.00682,0.063139
0.006825,0.061841
0.00683,0.06027
0.006835,0.05846
0.00684,0.056452
0.006845,0.05429
0.00685,0.052022
0.006855,0.049698
0.00686,0.04737
0.006865,0.04509
0.00687,0.042908
0.006875,0.040874
0.00688,0.039031
0.006885,0.037421
0.00689,0.036079
0.006895,0.035036
0.0069,0.034314
0.006905,0.033928
0.00691,0.033887
0.006915,0.034191
0.00692,0.034833
0.006925,0.035798
0.00693,0.037064
0.006935,0.038602
0.00694,0.040378
0.006945,0.042351
0.00695,0.044479
0.006955,0.046714
0.00696,0.049005
0.006965,0.051303
0.00697,0.053557
0.006975,0.055717
0.00698,0.057736
0.006985,0.059569
0.00699,0.061176
0.006995,0.062522
0.007,0.063578
0.007005,0.064319
0.00701,0.064731
0.007015,0.064804
0.00702,0.064537
0.007025,0.063935
0.00703,0.063011
0.007035,0.061787
0.00704,0.060288
0.007045,0.058548
0.00705,0.056605
0.007055,0.054503
0.00706,0.052287
0.007065,0.050007
0.00707,0.047714
0.007075,0.045458
0.00708,0.043289
0.007085,0.041255
0.00709,0.039402
0.007095,0.037771
0.0071,0.036397
0.007105,0.035311
0.00711,0.034537
0.007115,0.034091
0.00712,0.033983
0.007125,0.034215
0.00713,0.034781
0.007135,0.035668
0.00714,0.036856
0.007145,0.038318
0.00715,0.040021
0.007155,0.041927
0.00716,0.043994
0.007165,0.046175
0.00717,0.048422
0.007175,0.050687
0.00718,0.052918
0.007185,0.055067
0.00719,0.057087
0.007195,0.058933
0.0072,0.060565
0.007205,0.061947
0.00721,0.063049
0.007215,0.063848
0.00722,0.064324
0.007225,0.064469
0.00723,0.064278
0.007235,0.063756
0.00724,0.062915
0.007245,0.061773
0.00725,0.060355
0.007255,0.058692
0.00726,0.056821
0.007265,0.054783
0.00727,0.052623
0.007275,0.050389
0.00728,0.04813
0.007285,0.045896
0.00729,0.043738
0.007295,0.041701
0.0073,0.039833
0.007305,0.038173
0.00731,0.036759
0.007315,0.035621
0.00732,0.034786
0.007325,0.03427
0.00733,0.034085
0.007335,0.034234
0.00734,0.034714
0.007345,0.035514
0.00735,0.036614
0.007355,0.037991
0.00736,0.039614
0.007365,0.041446
0.00737,0.043446
0.007375,0.04557
0.00738,0.047771
0.007385,0.050001
0.00739,0.05221
0.007395,0.05435
0.0074,0.056374
0.007405,0.058238
0.00741,0.059901
0.007415,0.061326
0.00742,0.062483
0.007425,0.063346
0.00743,0.063897
0.007435,0.064123
0.00744,0.064019
0.007445,0.063588
0.00745,0.062839
0.007455,0.061789
0.00746,0.06046
0.007465,0.058882
0.00747,0.057089
0.007475,0.055122
0.00748,0.053022
0.007485,0.050837
0.00749,0.048615
0.007495,0.046405
0.0075,0.044255
0.007505,0.042214
0.00751,0.040326
0.007515,0.038633
0.00752,0.037172
0.007525,0.035976
0.00753,0.035071
0.007535,0.034476
0.00754,0.034204
0.007545,0.034262
0.00755,0.034646
0.007555,0.035348
0.00756,0.036352
0.007565,0.037635
0.00757,0.039168
0.007575,0.040918
0.00758,0.042845
0.007585,0.044907
0.00759,0.047057
0.007595,0.04925
0.0076,0.051435
0.007605,0.053567
0.00761,0.055596
0.007615,0.057481
0.00762,0.059178
0.007625,0.060652
0.00763,0.06187
0.007635,0.062806
0.00764,0.063438
0.007645,0.063754
0.00765,0.063747
0.007655,0.063416
0.00766,0.062769
0.007665,0.06182
0.00767,0.06059
0.007675,0.059106
0.00768,0.0574
0.007685,0.055509
0.00769,0.053476
0.007695,0.051345
0.0077,0.049163
0.007705,0.046979
0.00771,0.044839
0.007715,0.042792
0.00772,0.040883
0.007725,0.039154
0.00773,0.037643
0.007735,0.036383
0.00774,0.035402
0.007745,0.03472
0.00775,0.034354
0.007755,0.03431
0.00776,0.034589
0.007765,0.035184
0.00777,0.036082
0.007775,0.037262
0.00778,0.038698
0.007785,0.040357
0.00779,0.042204
0.007795,0.044196
0.0078,0.046291
0.007805,0.048441
0.00781,0.0506
0.007815,0.05272
0.00782,0.054755
0.007825,0.056661
0.00783,0.058396
0.007835,0.059921
0.00784,0.061205
0.007845,0.062218
0.00785,0.06294
0.007855,0.063353
0.00786,0.06345
0.007865,0.063228
0.00787,0.062692
0.007875,0.061854
0.00788,0.060731
0.007885,0.059349
0.00789,0.057738
0.007895,0.055933
0.0079,0.053974
0.007905,0.051903
0.00791,0.049767
0.007915,0.047612
0.00792,0.045486
0.007925,0.043435
0.00793,0.041505
0.007935,0.039739
0.00794,0.038174
0.007945,0.036846
0.00795,0.035784
0.007955,0.035011
0.00796,0.034543
0.007965,0.03439
0.00797,0.034555
0.007975,0.035035
0.00798,0.035818
0.007985,0.036886
0.00799,0.038215
0.007995,0.039776
0.008,0.041534
