0,1.804e-05
1e-06,7.2149e-05
2e-06,0.00016229
3e-06,0.00028841
4e-06,0.00045043
5e-06,0.00064825
6e-06,0.00088174
7e-06,0.0011508
8e-06,0.0014551
9e-06,0.0017947
1e-05,0.0021692
1.1e-05,0.0025784
1.2e-05,0.0030221
1.3e-05,0.0034999
1.4e-05,0.0040116
1.5e-05,0.0045569
1.6e-05,0.0051355
1.7e-05,0.0057468
1.8e-05,0.0063906
1.9e-05,0.0070665
2e-05,0.0077741
2.1e-05,0.0085128
2.2e-05,0.0092822
2.3e-05,0.010082
2.4e-05,0.010911
2.5e-05,0.01177
2.6e-05,0.012657
2.7e-05,0.013573
2.8e-05,0.014516
2.9e-05,0.015486
3e-05,0.016482
3.1e-05,0.017504
3.2e-05,0.018551
3.3e-05,0.019622
3.4e-05,0.020718
3.5e-05,0.021836
3.6e-05,0.022976
3.7e-05,0.024138
3.8e-05,0.025321
3.9e-05,0.026524
4e-05,0.027747
4.1e-05,0.028988
4.2e-05,0.030247
4.3e-05,0.031523
4.4e-05,0.032815
4.5e-05,0.034122
4.6e-05,0.035444
4.7e-05,0.03678
4.8e-05,0.038129
4.9e-05,0.039489
5e-05,0.040861
5.1e-05,0.042243
5.2e-05,0.043634
5.3e-05,0.045034
5.4e-05,0.046442
5.5e-05,0.047856
5.6e-05,0.049277
5.7e-05,0.050702
5.8e-05,0.052131
5.9e-05,0.053563
6e-05,0.054998
6.1e-05,0.056434
6.2e-05,0.05787
6.3e-05,0.059306
6.4e-05,0.06074
6.5e-05,0.062172
6.6e-05,0.0636
6.7e-05,0.065025
6.8e-05,0.066444
6.9e-05,0.067857
7e-05,0.069264
7.1e-05,0.070663
7.2e-05,0.072053
7.3e-05,0.073433
7.4e-05,0.074803
7.5e-05,0.076161
7.6e-05,0.077508
7.7e-05,0.078841
7.8e-05,0.080161
7.9e-05,0.081465
8e-05,0.082754
8.1e-05,0.084027
8.2e-05,0.085282
8.3e-05,0.08652
8.4e-05,0.087738
8.5e-05,0.088937
8.6e-05,0.090116
8.7e-05,0.091273
8.8e-05,0.092409
8.9e-05,0.093522
9e-05,0.094611
9.1e-05,0.095677
9.2e-05,0.096717
9.3e-05,0.097733
9.4e-05,0.098722
9.5e-05,0.099685
9.6e-05,0.10062
9.7e-05,0.10153
9.8e-05,0.10241
9.9e-05,0.10326
0.0001,0.10408
0.000101,0.10487
0.000102,0.10563
0.000103,0.10636
0.000104,0.10705
0.000105,0.10772
0.000106,0.10835
0.000107,0.10895
0.000108,0.10952
0.000109,0.11005
0.00011,0.11055
0.000111,0.11101
0.000112,0.11144
0.000113,0.11184
0.000114,0.1122
0.000115,0.11252
0.000116,0.11281
0.000117,0.11306
0.000118,0.11328
0.000119,0.11346
0.00012,0.11361
0.000121,0.11372
0.000122,0.11379
0.000123,0.11383
0.000124,0.11383
0.000125,0.11379
0.000126,0.11372
0.000127,0.11361
0.000128,0.11346
0.000129,0.11328
0.00013,0.11306
0.000131,0.11281
0.000132,0.11252
0.000133,0.1122
0.000134,0.11184
0.000135,0.11144
0.000136,0.11101
0.000137,0.11055
0.000138,0.11005
0.000139,0.10951
0.00014,0.10895
0.000141,0.10835
0.000142,0.10772
0.000143,0.10705
0.000144,0.10635
0.000145,0.10563
0.000146,0.10487
0.000147,0.10408
0.000148,0.10326
0.000149,0.10241
0.00015,0.10153
0.000151,0.10062
0.000152,0.099686
0.000153,0.098724
0.000154,0.097735
0.000155,0.09672
0.000156,0.09568
0.000157,0.094615
0.000158,0.093527
0.000159,0.092414
0.00016,0.09128
0.000161,0.090123
0.000162,0.088946
0.000163,0.087748
0.000164,0.08653
0.000165,0.085294
0.000166,0.08404
0.000167,0.082769
0.000168,0.081481
0.000169,0.080178
0.00017,0.07886
0.000171,0.077528
0.000172,0.076183
0.000173,0.074826
0.000174,0.073458
0.000175,0.072079
0.000176,0.070691
0.000177,0.069294
0.000178,0.06789
0.000179,0.066478
0.00018,0.065061
0.000181,0.063639
0.000182,0.062212
0.000183,0.060783
0.000184,0.059351
0.000185,0.057918
0.000186,0.056484
0.000187,0.055051
0.000188,0.053619
0.000189,0.052189
0.00019,0.050763
0.000191,0.049341
0.000192,0.047923
0.000193,0.046512
0.000194,0.045107
0.000195,0.04371
0.000196,0.042322
0.000197,0.040943
0.000198,0.039575
0.000199,0.038217
0.0002,0.036872
0.000201,0.03554
0.000202,0.034221
0.000203,0.032917
0.000204,0.031629
0.000205,0.030357
0.000206,0.029101
0.000207,0.027864
0.000208,0.026645
0.000209,0.025446
0.00021,0.024267
0.000211,0.023109
0.000212,0.021972
0.000213,0.020858
0.000214,0.019767
0.000215,0.0187
0.000216,0.017657
0.000217,0.016639
0.000218,0.015647
0.000219,0.014681
0.00022,0.013742
0.000221,0.012831
0.000222,0.011948
0.000223,0.011093
0.000224,0.010268
0.000225,0.0094728
0.000226,0.0087076
0.000227,0.0079732
0.000228,0.0072699
0.000229,0.0065983
0.00023,0.0059587
0.000231,0.0053516
0.000232,0.0047774
0.000233,0.0042363
0.000234,0.0037288
0.000235,0.0032552
0.000236,0.0028157
0.000237,0.0024106
0.000238,0.0020403
0.000239,0.0017049
0.00024,0.0014046
0.000241,0.0011396
0.000242,0.0009101
0.000243,0.00071625
0.000244,0.00055815
0.000245,0.0004359
0.000246,0.00034958
0.000247,0.00029925
0.000248,0.00028493
0.000249,0.00030662
0.00025,0.00036433
0.000251,0.00045801
0.000252,0.0005876
0.000253,0.00075302
0.000254,0.00095416
0.000255,0.0011909
0.000256,0.0014631
0.000257,0.0017705
0.000258,0.0021131
0.000259,0.0024905
0.00026,0.0029025
0.000261,0.0033489
0.000262,0.0038294
0.000263,0.0043437
0.000264,0.0048914
0.000265,0.0054722
0.000266,0.0060858
0.000267,0.0067318
0.000268,0.0074097
0.000269,0.0081191
0.00027,0.0088596
0.000271,0.0096307
0.000272,0.010432
0.000273,0.011263
0.000274,0.012123
0.000275,0.013011
0.000276,0.013928
0.000277,0.014872
0.000278,0.015842
0.000279,0.016839
0.00028,0.017862
0.000281,0.018909
0.000282,0.019981
0.000283,0.021076
0.000284,0.022194
0.000285,0.023335
0.000286,0.024496
0.000287,0.025679
0.000288,0.026881
0.000289,0.028103
0.00029,0.029343
0.000291,0.030601
0.000292,0.031876
0.000293,0.033167
0.000294,0.034473
0.000295,0.035793
0.000296,0.037127
0.000297,0.038474
0.000298,0.039833
0.000299,0.041202
0.0003,0.042582
0.000301,0.043971
0.000302,0.045369
0.000303,0.046774
0.000304,0.048185
0.000305,0.049603
0.000306,0.051025
0.000307,0.052451
0.000308,0.05388
0.000309,0.055311
0.00031,0.056743
0.000311,0.058176
0.000312,0.059607
0.000313,0.061038
0.000314,0.062466
0.000315,0.06389
0.000316,0.06531
0.000317,0.066725
0.000318,0.068134
0.000319,0.069536
0.00032,0.07093
0.000321,0.072315
0.000322,0.073691
0.000323,0.075056
0.000324,0.07641
0.000325,0.077751
0.000326,0.079079
0.000327,0.080393
0.000328,0.081692
0.000329,0.082976
0.00033,0.084243
0.000331,0.085493
0.000332,0.086725
0.000333,0.087938
0.000334,0.089131
0.000335,0.090304
0.000336,0.091456
0.000337,0.092585
0.000338,0.093692
0.000339,0.094776
0.00034,0.095836
0.000341,0.096871
0.000342,0.09788
0.000343,0.098864
0.000344,0.09982
0.000345,0.10075
0.000346,0.10165
0.000347,0.10252
0.000348,0.10337
0.000349,0.10418
0.00035,0.10497
0.000351,0.10572
0.000352,0.10644
0.000353,0.10714
0.000354,0.10779
0.000355,0.10842
0.000356,0.10902
0.000357,0.10958
0.000358,0.1101
0.000359,0.1106
0.00036,0.11106
0.000361,0.11148
0.000362,0.11187
0.000363,0.11222
0.000364,0.11254
0.000365,0.11283
0.000366,0.11308
0.000367,0.11329
0.000368,0.11347
0.000369,0.11361
0.00037,0.11371
0.000371,0.11378
0.000372,0.11381
0.000373,0.11381
0.000374,0.11377
0.000375,0.11369
0.000376,0.11358
0.000377,0.11343
0.000378,0.11324
0.000379,0.11302
0.00038,0.11276
0.000381,0.11247
0.000382,0.11214
0.000383,0.11178
0.000384,0.11138
0.000385,0.11095
0.000386,0.11049
0.000387,0.10998
0.000388,0.10945
0.000389,0.10888
0.00039,0.10828
0.000391,0.10765
0.000392,0.10698
0.000393,0.10628
0.000394,0.10555
0.000395,0.10479
0.000396,0.104
0.000397,0.10318
0.000398,0.10233
0.000399,0.10145
0.0004,0.10055
0.000401,0.099614
0.000402,0.098652
0.000403,0.097665
0.000404,0.096651
0.000405,0.095613
0.000406,0.09455
0.000407,0.093463
0.000408,0.092353
0.000409,0.091221
0.00041,0.090067
0.000411,0.088892
0.000412,0.087697
0.000413,0.086483
0.000414,0.08525
0.000415,0.084
0.000416,0.082733
0.000417,0.081449
0.000418,0.08015
0.000419,0.078837
0.00042,0.07751
0.000421,0.07617
0.000422,0.074819
0.000423,0.073456
0.000424,0.072083
0.000425,0.070701
0.000426,0.06931
0.000427,0.067912
0.000428,0.066508
0.000429,0.065097
0.00043,0.063682
0.000431,0.062263
0.000432,0.060841
0.000433,0.059417
0.000434,0.057992
0.000435,0.056566
0.000436,0.055141
0.000437,0.053718
0.000438,0.052297
0.000439,0.050879
0.00044,0.049466
0.000441,0.048058
0.000442,0.046656
0.000443,0.045261
0.000444,0.043874
0.000445,0.042496
0.000446,0.041127
0.000447,0.039769
0.000448,0.038422
0.000449,0.037088
0.00045,0.035766
0.000451,0.034459
0.000452,0.033166
0.000453,0.031889
0.000454,0.030628
0.000455,0.029384
0.000456,0.028159
0.000457,0.026952
0.000458,0.025764
0.000459,0.024597
0.00046,0.023451
0.000461,0.022327
0.000462,0.021225
0.000463,0.020146
0.000464,0.019091
0.000465,0.018061
0.000466,0.017055
0.000467,0.016076
0.000468,0.015123
0.000469,0.014197
0.00047,0.013298
0.000471,0.012428
0.000472,0.011586
0.000473,0.010774
0.000474,0.0099916
0.000475,0.0092393
0.000476,0.0085177
0.000477,0.0078273
0.000478,0.0071686
0.000479,0.0065419
0.00048,0.0059476
0.000481,0.0053861
0.000482,0.0048578
0.000483,0.004363
0.000484,0.003902
0.000485,0.0034751
0.000486,0.0030825
0.000487,0.0027246
0.000488,0.0024015
0.000489,0.0021135
0.00049,0.0018606
0.000491,0.0016432
0.000492,0.0014613
0.000493,0.001315
0.000494,0.0012044
0.000495,0.0011297
0.000496,0.0010908
0.000497,0.0010877
0.000498,0.0011205
0.000499,0.0011892
0.0005,0.0012936
0.000501,0.0014338
0.000502,0.0016097
0.000503,0.001821
0.000504,0.0020678
0.000505,0.0023498
0.000506,0.0026669
0.000507,0.0030189
0.000508,0.0034055
0.000509,0.0038264
0.00051,0.0042816
0.000511,0.0047705
0.000512,0.005293
0.000513,0.0058488
0.000514,0.0064373
0.000515,0.0070584
0.000516,0.0077115
0.000517,0.0083963
0.000518,0.0091124
0.000519,0.0098592
0.00052,0.010636
0.000521,0.011443
0.000522,0.01228
0.000523,0.013145
0.000524,0.014038
0.000525,0.014959
0.000526,0.015907
0.000527,0.016882
0.000528,0.017882
0.000529,0.018908
0.00053,0.019958
0.000531,0.021033
0.000532,0.02213
0.000533,0.02325
0.000534,0.024392
0.000535,0.025555
0.000536,0.026739
0.000537,0.027942
0.000538,0.029164
0.000539,0.030404
0.00054,0.031661
0.000541,0.032935
0.000542,0.034224
0.000543,0.035529
0.000544,0.036847
0.000545,0.038179
0.000546,0.039523
0.000547,0.040878
0.000548,0.042245
0.000549,0.043621
0.00055,0.045006
0.000551,0.046399
0.000552,0.047799
0.000553,0.049205
0.000554,0.050617
0.000555,0.052033
0.000556,0.053453
0.000557,0.054875
0.000558,0.056299
0.000559,0.057724
0.00056,0.059149
0.000561,0.060573
0.000562,0.061995
0.000563,0.063414
0.000564,0.064829
0.000565,0.06624
0.000566,0.067646
0.000567,0.069045
0.000568,0.070436
0.000569,0.07182
0.00057,0.073194
0.000571,0.074558
0.000572,0.075912
0.000573,0.077254
0.000574,0.078583
0.000575,0.079899
0.000576,0.0812
0.000577,0.082487
0.000578,0.083758
0.000579,0.085011
0.00058,0.086248
0.000581,0.087466
0.000582,0.088665
0.000583,0.089844
0.000584,0.091002
0.000585,0.092139
0.000586,0.093254
0.000587,0.094346
0.000588,0.095414
0.000589,0.096458
0.00059,0.097478
0.000591,0.098472
0.000592,0.099439
0.000593,0.10038
0.000594,0.10129
0.000595,0.10218
0.000596,0.10304
0.000597,0.10386
0.000598,0.10466
0.000599,0.10543
0.0006,0.10617
0.000601,0.10687
0.000602,0.10755
0.000603,0.10819
0.000604,0.1088
0.000605,0.10938
0.000606,0.10992
0.000607,0.11043
0.000608,0.11091
0.000609,0.11135
0.00061,0.11176
0.000611,0.11213
0.000612,0.11247
0.000613,0.11277
0.000614,0.11304
0.000615,0.11327
0.000616,0.11347
0.000617,0.11363
0.000618,0.11375
0.000619,0.11384
0.00062,0.11389
0.000621,0.11391
0.000622,0.11389
0.000623,0.11383
0.000624,0.11374
0.000625,0.11361
0.000626,0.11345
0.000627,0.11325
0.000628,0.11302
0.000629,0.11274
0.00063,0.11244
0.000631,0.1121
0.000632,0.11172
0.000633,0.11131
0.000634,0.11087
0.000635,0.11039
0.000636,0.10987
0.000637,0.10933
0.000638,0.10875
0.000639,0.10813
0.00064,0.10749
0.000641,0.10681
0.000642,0.10611
0.000643,0.10537
0.000644,0.1046
0.000645,0.1038
0.000646,0.10297
0.000647,0.10211
0.000648,0.10123
0.000649,0.10031
0.00065,0.099371
0.000651,0.098403
0.000652,0.097409
0.000653,0.09639
0.000654,0.095346
0.000655,0.094278
0.000656,0.093187
0.000657,0.092074
0.000658,0.090938
0.000659,0.089782
0.00066,0.088605
0.000661,0.087408
0.000662,0.086193
0.000663,0.084959
0.000664,0.083708
0.000665,0.082441
0.000666,0.081158
0.000667,0.079861
0.000668,0.078549
0.000669,0.077225
0.00067,0.075888
0.000671,0.074539
0.000672,0.073181
0.000673,0.071812
0.000674,0.070435
0.000675,0.06905
0.000676,0.067658
0.000677,0.066259
0.000678,0.064856
0.000679,0.063448
0.00068,0.062037
0.000681,0.060624
0.000682,0.059209
0.000683,0.057793
0.000684,0.056378
0.000685,0.054964
0.000686,0.053552
0.000687,0.052142
0.000688,0.050737
0.000689,0.049337
0.00069,0.047942
0.000691,0.046554
0.000692,0.045173
0.000693,0.043801
0.000694,0.042438
0.000695,0.041085
0.000696,0.039743
0.000697,0.038413
0.000698,0.037095
0.000699,0.035791
0.0007,0.034502
0.000701,0.033227
0.000702,0.031969
0.000703,0.030728
0.000704,0.029504
0.000705,0.028298
0.000706,0.027112
0.000707,0.025946
0.000708,0.0248
0.000709,0.023675
0.00071,0.022573
0.000711,0.021494
0.000712,0.020438
0.000713,0.019406
0.000714,0.018399
0.000715,0.017418
0.000716,0.016462
0.000717,0.015534
0.000718,0.014632
0.000719,0.013759
0.00072,0.012914
0.000721,0.012098
0.000722,0.011311
0.000723,0.010555
0.000724,0.0098285
0.000725,0.0091333
0.000726,0.0084695
0.000727,0.0078374
0.000728,0.0072376
0.000729,0.0066703
0.00073,0.006136
0.000731,0.005635
0.000732,0.0051676
0.000733,0.004734
0.000734,0.0043347
0.000735,0.0039698
0.000736,0.0036395
0.000737,0.0033441
0.000738,0.0030837
0.000739,0.0028586
0.00074,0.0026689
0.000741,0.0025146
0.000742,0.002396
0.000743,0.0023129
0.000744,0.0022657
0.000745,0.0022541
0.000746,0.0022784
0.000747,0.0023383
0.000748,0.002434
0.000749,0.0025653
0.00075,0.0027322
0.000751,0.0029346
0.000752,0.0031723
0.000753,0.0034452
0.000754,0.0037531
0.000755,0.0040958
0.000756,0.0044731
0.000757,0.0048848
0.000758,0.0053305
0.000759,0.0058102
0.00076,0.0063233
0.000761,0.0068696
0.000762,0.0074488
0.000763,0.0080605
0.000764,0.0087042
0.000765,0.0093797
0.000766,0.010086
0.000767,0.010824
0.000768,0.011592
0.000769,0.01239
0.00077,0.013217
0.000771,0.014073
0.000772,0.014957
0.000773,0.015869
0.000774,0.016808
0.000775,0.017774
0.000776,0.018765
0.000777,0.019782
0.000778,0.020824
0.000779,0.02189
0.00078,0.022979
0.000781,0.02409
0.000782,0.025224
0.000783,0.026378
0.000784,0.027554
0.000785,0.028749
0.000786,0.029963
0.000787,0.031195
0.000788,0.032444
0.000789,0.03371
0.00079,0.034992
0.000791,0.036289
0.000792,0.037601
0.000793,0.038925
0.000794,0.040262
0.000795,0.041611
0.000796,0.04297
0.000797,0.044339
0.000798,0.045718
0.000799,0.047104
0.0008,0.048498
0.000801,0.049898
0.000802,0.051304
0.000803,0.052714
0.000804,0.054128
0.000805,0.055544
0.000806,0.056963
0.000807,0.058382
0.000808,0.059802
0.000809,0.061221
0.00081,0.062637
0.000811,0.064052
0.000812,0.065462
0.000813,0.066868
0.000814,0.068269
0.000815,0.069664
0.000816,0.071051
0.000817,0.07243
0.000818,0.0738
0.000819,0.07516
0.00082,0.07651
0.000821,0.077848
0.000822,0.079174
0.000823,0.080486
0.000824,0.081784
0.000825,0.083067
0.000826,0.084334
0.000827,0.085585
0.000828,0.086818
0.000829,0.088033
0.00083,0.089229
0.000831,0.090405
0.000832,0.091561
0.000833,0.092695
0.000834,0.093807
0.000835,0.094897
0.000836,0.095963
0.000837,0.097005
0.000838,0.098022
0.000839,0.099014
0.00084,0.099979
0.000841,0.10092
0.000842,0.10183
0.000843,0.10271
0.000844,0.10357
0.000845,0.10439
0.000846,0.10519
0.000847,0.10596
0.000848,0.10669
0.000849,0.1074
0.00085,0.10807
0.000851,0.10871
0.000852,0.10932
0.000853,0.10989
0.000854,0.11044
0.000855,0.11095
0.000856,0.11142
0.000857,0.11186
0.000858,0.11227
0.000859,0.11264
0.00086,0.11298
0.000861,0.11328
0.000862,0.11355
0.000863,0.11378
0.000864,0.11397
0.000865,0.11413
0.000866,0.11426
0.000867,0.11434
0.000868,0.11439
0.000869,0.11441
0.00087,0.11439
0.000871,0.11433
0.000872,0.11424
0.000873,0.11411
0.000874,0.11395
0.000875,0.11375
0.000876,0.11351
0.000877,0.11324
0.000878,0.11293
0.000879,0.11259
0.00088,0.11221
0.000881,0.1118
0.000882,0.11136
0.000883,0.11088
0.000884,0.11036
0.000885,0.10982
0.000886,0.10924
0.000887,0.10863
0.000888,0.10798
0.000889,0.1073
0.00089,0.1066
0.000891,0.10586
0.000892,0.10509
0.000893,0.10429
0.000894,0.10346
0.000895,0.1026
0.000896,0.10172
0.000897,0.1008
0.000898,0.099861
0.000899,0.098894
0.0009,0.097901
0.000901,0.096882
0.000902,0.095839
0.000903,0.094772
0.000904,0.093682
0.000905,0.09257
0.000906,0.091435
0.000907,0.09028
0.000908,0.089104
0.000909,0.087909
0.00091,0.086695
0.000911,0.085463
0.000912,0.084214
0.000913,0.082949
0.000914,0.081668
0.000915,0.080372
0.000916,0.079063
0.000917,0.077741
0.000918,0.076406
0.000919,0.075061
0.00092,0.073705
0.000921,0.072339
0.000922,0.070965
0.000923,0.069583
0.000924,0.068195
0.000925,0.0668
0.000926,0.065401
0.000927,0.063997
0.000928,0.062591
0.000929,0.061182
0.00093,0.059771
0.000931,0.05836
0.000932,0.05695
0.000933,0.055541
0.000934,0.054135
0.000935,0.052731
0.000936,0.051332
0.000937,0.049938
0.000938,0.048549
0.000939,0.047168
0.00094,0.045794
0.000941,0.044429
0.000942,0.043073
0.000943,0.041728
0.000944,0.040394
0.000945,0.039072
0.000946,0.037763
0.000947,0.036467
0.000948,0.035187
0.000949,0.033922
0.00095,0.032673
0.000951,0.031441
0.000952,0.030227
0.000953,0.029032
0.000954,0.027856
0.000955,0.026701
0.000956,0.025566
0.000957,0.024453
0.000958,0.023362
0.000959,0.022295
0.00096,0.021251
0.000961,0.020232
0.000962,0.019238
0.000963,0.01827
0.000964,0.017328
0.000965,0.016413
0.000966,0.015525
0.000967,0.014666
0.000968,0.013835
0.000969,0.013034
0.00097,0.012262
0.000971,0.011521
0.000972,0.010811
0.000973,0.010131
0.000974,0.0094835
0.000975,0.0088678
0.000976,0.0082846
0.000977,0.0077342
0.000978,0.007217
0.000979,0.0067333
0.00098,0.0062835
0.000981,0.0058678
0.000982,0.0054865
0.000983,0.0051398
0.000984,0.0048281
0.000985,0.0045514
0.000986,0.00431
0.000987,0.004104
0.000988,0.0039335
0.000989,0.0037988
0.00099,0.0036998
0.000991,0.0036366
0.000992,0.0036094
0.000993,0.003618
0.000994,0.0036625
0.000995,0.0037429
0.000996,0.0038592
0.000997,0.0040112
0.000998,0.0041989
0.000999,0.0044221
0.001,0.0046808
0.001001,0.0049747
0.001002,0.0053037
0.001003,0.0056676
0.001004,0.0060661
0.001005,0.006499
0.001006,0.0069661
0.001007,0.007467
0.001008,0.0080014
0.001009,0.008569
0.00101,0.0091694
0.001011,0.0098022
0.001012,0.010467
0.001013,0.011164
0.001014,0.011891
0.001015,0.01265
0.001016,0.013438
0.001017,0.014257
0.001018,0.015104
0.001019,0.015981
0.00102,0.016885
0.001021,0.017817
0.001022,0.018776
0.001023,0.019761
0.001024,0.020772
0.001025,0.021808
0.001026,0.022869
0.001027,0.023953
0.001028,0.02506
0.001029,0.02619
0.00103,0.027341
0.001031,0.028513
0.001032,0.029706
0.001033,0.030917
0.001034,0.032147
0.001035,0.033395
0.001036,0.03466
0.001037,0.035942
0.001038,0.037238
0.001039,0.038549
0.00104,0.039874
0.001041,0.041212
0.001042,0.042562
0.001043,0.043922
0.001044,0.045294
0.001045,0.046674
0.001046,0.048063
0.001047,0.049459
0.001048,0.050863
0.001049,0.052272
0.00105,0.053685
0.001051,0.055103
0.001052,0.056524
0.001053,0.057947
0.001054,0.059371
0.001055,0.060796
0.001056,0.06222
0.001057,0.063642
0.001058,0.065062
0.001059,0.066479
0.00106,0.067891
0.001061,0.069298
0.001062,0.070699
0.001063,0.072092
0.001064,0.073478
0.001065,0.074855
0.001066,0.076223
0.001067,0.077579
0.001068,0.078924
0.001069,0.080257
0.00107,0.081577
0.001071,0.082882
0.001072,0.084173
0.001073,0.085447
0.001074,0.086705
0.001075,0.087946
0.001076,0.089169
0.001077,0.090372
0.001078,0.091555
0.001079,0.092718
0.00108,0.09386
0.001081,0.094979
0.001082,0.096076
0.001083,0.097149
0.001084,0.098198
0.001085,0.099222
0.001086,0.10022
0.001087,0.10119
0.001088,0.10214
0.001089,0.10305
0.00109,0.10394
0.001091,0.10481
0.001092,0.10564
0.001093,0.10644
0.001094,0.10721
0.001095,0.10795
0.001096,0.10866
0.001097,0.10934
0.001098,0.10998
0.001099,0.11059
0.0011,0.11117
0.001101,0.11172
0.001102,0.11223
0.001103,0.11271
0.001104,0.11315
0.001105,0.11356
0.001106,0.11394
0.001107,0.11428
0.001108,0.11458
0.001109,0.11485
0.00111,0.11508
0.001111,0.11527
0.001112,0.11543
0.001113,0.11556
0.001114,0.11564
0.001115,0.11569
0.001116,0.11571
0.001117,0.11568
0.001118,0.11563
0.001119,0.11553
0.00112,0.1154
0.001121,0.11523
0.001122,0.11503
0.001123,0.11479
0.001124,0.11451
0.001125,0.1142
0.001126,0.11386
0.001127,0.11347
0.001128,0.11306
0.001129,0.11261
0.00113,0.11212
0.001131,0.1116
0.001132,0.11105
0.001133,0.11046
0.001134,0.10984
0.001135,0.10919
0.001136,0.1085
0.001137,0.10779
0.001138,0.10704
0.001139,0.10626
0.00114,0.10545
0.001141,0.10462
0.001142,0.10375
0.001143,0.10285
0.001144,0.10193
0.001145,0.10098
0.001146,0.1
0.001147,0.098998
0.001148,0.097969
0.001149,0.096915
0.00115,0.095837
0.001151,0.094736
0.001152,0.093613
0.001153,0.092467
0.001154,0.091301
0.001155,0.090114
0.001156,0.088907
0.001157,0.087682
0.001158,0.086439
0.001159,0.085179
0.00116,0.083902
0.001161,0.08261
0.001162,0.081303
0.001163,0.079983
0.001164,0.07865
0.001165,0.077304
0.001166,0.075948
0.001167,0.074581
0.001168,0.073205
0.001169,0.071821
0.00117,0.070429
0.001171,0.069031
0.001172,0.067627
0.001173,0.066218
0.001174,0.064805
0.001175,0.063389
0.001176,0.061972
0.001177,0.060553
0.001178,0.059134
0.001179,0.057716
0.00118,0.0563
0.001181,0.054887
0.001182,0.053477
0.001183,0.052071
0.001184,0.050672
0.001185,0.049278
0.001186,0.047892
0.001187,0.046514
0.001188,0.045145
0.001189,0.043786
0.00119,0.042438
0.001191,0.041102
0.001192,0.039778
0.001193,0.038468
0.001194,0.037173
0.001195,0.035892
0.001196,0.034628
0.001197,0.033381
0.001198,0.032151
0.001199,0.03094
0.0012,0.029748
0.001201,0.028576
0.001202,0.027426
0.001203,0.026297
0.001204,0.02519
0.001205,0.024106
0.001206,0.023046
0.001207,0.022011
0.001208,0.021001
0.001209,0.020017
0.00121,0.019059
0.001211,0.018129
0.001212,0.017226
0.001213,0.016352
0.001214,0.015506
0.001215,0.014691
0.001216,0.013905
0.001217,0.013149
0.001218,0.012425
0.001219,0.011733
0.00122,0.011072
0.001221,0.010444
0.001222,0.0098483
0.001223,0.0092862
0.001224,0.0087577
0.001225,0.0082633
0.001226,0.0078031
0.001227,0.0073776
0.001228,0.006987
0.001229,0.0066316
0.00123,0.0063117
0.001231,0.0060274
0.001232,0.0057789
0.001233,0.0055665
0.001234,0.0053902
0.001235,0.0052502
0.001236,0.0051466
0.001237,0.0050795
0.001238,0.005049
0.001239,0.005055
0.00124,0.0050976
0.001241,0.0051767
0.001242,0.0052924
0.001243,0.0054445
0.001244,0.005633
0.001245,0.0058578
0.001246,0.0061187
0.001247,0.0064155
0.001248,0.0067482
0.001249,0.0071165
0.00125,0.0075201
0.001251,0.0079588
0.001252,0.0084324
0.001253,0.0089405
0.001254,0.0094829
0.001255,0.010059
0.001256,0.010669
0.001257,0.011312
0.001258,0.011987
0.001259,0.012695
0.00126,0.013435
0.001261,0.014206
0.001262,0.015008
0.001263,0.015841
0.001264,0.016703
0.001265,0.017595
0.001266,0.018515
0.001267,0.019464
0.001268,0.02044
0.001269,0.021443
0.00127,0.022472
0.001271,0.023527
0.001272,0.024606
0.001273,0.02571
0.001274,0.026838
0.001275,0.027988
0.001276,0.029161
0.001277,0.030354
0.001278,0.031568
0.001279,0.032802
0.00128,0.034055
0.001281,0.035326
0.001282,0.036615
0.001283,0.037919
0.001284,0.03924
0.001285,0.040575
0.001286,0.041924
0.001287,0.043286
0.001288,0.044661
0.001289,0.046046
0.00129,0.047442
0.001291,0.048847
0.001292,0.050261
0.001293,0.051682
0.001294,0.05311
0.001295,0.054544
0.001296,0.055983
0.001297,0.057425
0.001298,0.058871
0.001299,0.060318
0.0013,0.061766
0.001301,0.063215
0.001302,0.064662
0.001303,0.066108
0.001304,0.067551
0.001305,0.06899
0.001306,0.070425
0.001307,0.071854
0.001308,0.073276
0.001309,0.074691
0.00131,0.076097
0.001311,0.077494
0.001312,0.078881
0.001313,0.080257
0.001314,0.08162
0.001315,0.082971
0.001316,0.084308
0.001317,0.085629
0.001318,0.086936
0.001319,0.088225
0.00132,0.089498
0.001321,0.090752
0.001322,0.091987
0.001323,0.093202
0.001324,0.094396
0.001325,0.09557
0.001326,0.09672
0.001327,0.097848
0.001328,0.098952
0.001329,0.10003
0.00133,0.10109
0.001331,0.10211
0.001332,0.10312
0.001333,0.10409
0.001334,0.10504
0.001335,0.10596
0.001336,0.10684
0.001337,0.1077
0.001338,0.10853
0.001339,0.10933
0.00134,0.1101
0.001341,0.11083
0.001342,0.11153
0.001343,0.1122
0.001344,0.11284
0.001345,0.11344
0.001346,0.11401
0.001347,0.11454
0.001348,0.11504
0.001349,0.11551
0.00135,0.11593
0.001351,0.11633
0.001352,0.11668
0.001353,0.117
0.001354,0.11729
0.001355,0.11753
0.001356,0.11774
0.001357,0.11791
0.001358,0.11805
0.001359,0.11815
0.00136,0.11821
0.001361,0.11823
0.001362,0.11822
0.001363,0.11816
0.001364,0.11808
0.001365,0.11795
0.001366,0.11779
0.001367,0.11758
0.001368,0.11735
0.001369,0.11707
0.00137,0.11676
0.001371,0.11641
0.001372,0.11603
0.001373,0.11561
0.001374,0.11516
0.001375,0.11467
0.001376,0.11414
0.001377,0.11358
0.001378,0.11298
0.001379,0.11236
0.00138,0.11169
0.001381,0.111
0.001382,0.11027
0.001383,0.10951
0.001384,0.10872
0.001385,0.1079
0.001386,0.10705
0.001387,0.10616
0.001388,0.10525
0.001389,0.10431
0.00139,0.10334
0.001391,0.10234
0.001392,0.10132
0.001393,0.10027
0.001394,0.099197
0.001395,0.098098
0.001396,0.096975
0.001397,0.095828
0.001398,0.094659
0.001399,0.093469
0.0014,0.092257
0.001401,0.091026
0.001402,0.089776
0.001403,0.088507
0.001404,0.08722
0.001405,0.085917
0.001406,0.084598
0.001407,0.083265
0.001408,0.081917
0.001409,0.080556
0.00141,0.079183
0.001411,0.077799
0.001412,0.076405
0.001413,0.075001
0.001414,0.073589
0.001415,0.072169
0.001416,0.070743
0.001417,0.069311
0.001418,0.067875
0.001419,0.066435
0.00142,0.064992
0.001421,0.063547
0.001422,0.062102
0.001423,0.060657
0.001424,0.059214
0.001425,0.057772
0.001426,0.056334
0.001427,0.0549
0.001428,0.05347
0.001429,0.052047
0.00143,0.050631
0.001431,0.049223
0.001432,0.047824
0.001433,0.046435
0.001434,0.045056
0.001435,0.043689
0.001436,0.042335
0.001437,0.040994
0.001438,0.039668
0.001439,0.038357
0.00144,0.037063
0.001441,0.035786
0.001442,0.034526
0.001443,0.033286
0.001444,0.032065
0.001445,0.030864
0.001446,0.029685
0.001447,0.028529
0.001448,0.027395
0.001449,0.026284
0.00145,0.025198
0.001451,0.024138
0.001452,0.023103
0.001453,0.022095
0.001454,0.021114
0.001455,0.020161
0.001456,0.019237
0.001457,0.018342
0.001458,0.017477
0.001459,0.016642
0.00146,0.015839
0.001461,0.015067
0.001462,0.014327
0.001463,0.01362
0.001464,0.012946
0.001465,0.012305
0.001466,0.011699
0.001467,0.011127
0.001468,0.01059
0.001469,0.010088
0.00147,0.0096214
0.001471,0.0091911
0.001472,0.0087971
0.001473,0.0084396
0.001474,0.0081189
0.001475,0.0078352
0.001476,0.0075887
0.001477,0.0073797
0.001478,0.0072082
0.001479,0.0070745
0.00148,0.0069786
0.001481,0.0069206
0.001482,0.0069006
0.001483,0.0069187
0.001484,0.0069747
0.001485,0.0070688
0.001486,0.0072008
0.001487,0.0073707
0.001488,0.0075784
0.001489,0.0078239
0.00149,0.0081068
0.001491,0.0084272
0.001492,0.0087848
0.001493,0.0091793
0.001494,0.0096105
0.001495,0.010078
0.001496,0.010582
0.001497,0.011122
0.001498,0.011697
0.001499,0.012308
0.0015,0.012953
0.001501,0.013632
0.001502,0.014346
0.001503,0.015093
0.001504,0.015873
0.001505,0.016685
0.001506,0.017529
0.001507,0.018405
0.001508,0.019312
0.001509,0.020248
0.00151,0.021215
0.001511,0.02221
0.001512,0.023234
0.001513,0.024285
0.001514,0.025364
0.001515,0.026469
0.001516,0.027599
0.001517,0.028754
0.001518,0.029933
0.001519,0.031135
0.00152,0.03236
0.001521,0.033607
0.001522,0.034874
0.001523,0.036162
0.001524,0.037468
0.001525,0.038793
0.001526,0.040135
0.001527,0.041494
0.001528,0.042869
0.001529,0.044258
0.00153,0.04566
0.001531,0.047076
0.001532,0.048504
0.001533,0.049942
0.001534,0.05139
0.001535,0.052848
0.001536,0.054313
0.001537,0.055786
0.001538,0.057264
0.001539,0.058748
0.00154,0.060236
0.001541,0.061726
0.001542,0.063219
0.001543,0.064713
0.001544,0.066207
0.001545,0.0677
0.001546,0.06919
0.001547,0.070678
0.001548,0.072162
0.001549,0.073641
0.00155,0.075114
0.001551,0.07658
0.001552,0.078038
0.001553,0.079488
0.001554,0.080927
0.001555,0.082355
0.001556,0.083771
0.001557,0.085175
0.001558,0.086564
0.001559,0.087939
0.00156,0.089299
0.001561,0.090641
0.001562,0.091966
0.001563,0.093273
0.001564,0.094561
0.001565,0.095828
0.001566,0.097074
0.001567,0.098298
0.001568,0.0995
0.001569,0.10068
0.00157,0.10183
0.001571,0.10296
0.001572,0.10406
0.001573,0.10514
0.001574,0.10619
0.001575,0.10721
0.001576,0.1082
0.001577,0.10916
0.001578,0.11009
0.001579,0.11099
0.00158,0.11186
0.001581,0.1127
0.001582,0.11351
0.001583,0.11428
0.001584,0.11501
0.001585,0.11572
0.001586,0.11639
0.001587,0.11702
0.001588,0.11762
0.001589,0.11818
0.00159,0.11871
0.001591,0.1192
0.001592,0.11965
0.001593,0.12007
0.001594,0.12044
0.001595,0.12078
0.001596,0.12108
0.001597,0.12135
0.001598,0.12157
0.001599,0.12176
0.0016,0.1219
0.001601,0.12201
0.001602,0.12208
0.001603,0.12211
0.001604,0.1221
0.001605,0.12205
0.001606,0.12197
0.001607,0.12184
0.001608,0.12167
0.001609,0.12147
0.00161,0.12123
0.001611,0.12095
0.001612,0.12063
0.001613,0.12027
0.001614,0.11987
0.001615,0.11944
0.001616,0.11897
0.001617,0.11847
0.001618,0.11792
0.001619,0.11734
0.00162,0.11673
0.001621,0.11608
0.001622,0.11539
0.001623,0.11467
0.001624,0.11392
0.001625,0.11313
0.001626,0.11231
0.001627,0.11146
0.001628,0.11058
0.001629,0.10966
0.00163,0.10872
0.001631,0.10774
0.001632,0.10674
0.001633,0.10571
0.001634,0.10465
0.001635,0.10356
0.001636,0.10245
0.001637,0.10131
0.001638,0.10015
0.001639,0.098963
0.00164,0.097754
0.001641,0.096523
0.001642,0.09527
0.001643,0.093998
0.001644,0.092706
0.001645,0.091395
0.001646,0.090067
0.001647,0.088723
0.001648,0.087362
0.001649,0.085987
0.00165,0.084598
0.001651,0.083196
0.001652,0.081783
0.001653,0.080358
0.001654,0.078924
0.001655,0.077481
0.001656,0.07603
0.001657,0.074573
0.001658,0.073109
0.001659,0.071641
0.00166,0.07017
0.001661,0.068695
0.001662,0.067219
0.001663,0.065743
0.001664,0.064267
0.001665,0.062792
0.001666,0.06132
0.001667,0.059852
0.001668,0.058388
0.001669,0.05693
0.00167,0.055479
0.001671,0.054036
0.001672,0.052601
0.001673,0.051176
0.001674,0.049762
0.001675,0.048359
0.001676,0.04697
0.001677,0.045594
0.001678,0.044233
0.001679,0.042888
0.00168,0.04156
0.001681,0.040249
0.001682,0.038957
0.001683,0.037684
0.001684,0.036432
0.001685,0.035201
0.001686,0.033992
0.001687,0.032806
0.001688,0.031644
0.001689,0.030507
0.00169,0.029396
0.001691,0.028311
0.001692,0.027253
0.001693,0.026223
0.001694,0.025222
0.001695,0.02425
0.001696,0.023308
0.001697,0.022397
0.001698,0.021517
0.001699,0.02067
0.0017,0.019855
0.001701,0.019073
0.001702,0.018325
0.001703,0.017612
0.001704,0.016934
0.001705,0.016291
0.001706,0.015684
0.001707,0.015113
0.001708,0.014579
0.001709,0.014083
0.00171,0.013624
0.001711,0.013202
0.001712,0.012819
0.001713,0.012475
0.001714,0.012169
0.001715,0.011902
0.001716,0.011675
0.001717,0.011487
0.001718,0.011339
0.001719,0.01123
0.00172,0.011161
0.001721,0.011132
0.001722,0.011143
0.001723,0.011193
0.001724,0.011284
0.001725,0.011414
0.001726,0.011585
0.001727,0.011795
0.001728,0.012044
0.001729,0.012333
0.00173,0.012662
0.001731,0.013029
0.001732,0.013435
0.001733,0.01388
0.001734,0.014362
0.001735,0.014883
0.001736,0.015441
0.001737,0.016037
0.001738,0.016669
0.001739,0.017338
0.00174,0.018042
0.001741,0.018782
0.001742,0.019557
0.001743,0.020366
0.001744,0.021209
0.001745,0.022085
0.001746,0.022993
0.001747,0.023934
0.001748,0.024906
0.001749,0.025909
0.00175,0.026942
0.001751,0.028004
0.001752,0.029094
0.001753,0.030212
0.001754,0.031357
0.001755,0.032529
0.001756,0.033726
0.001757,0.034947
0.001758,0.036192
0.001759,0.037459
0.00176,0.038749
0.001761,0.040059
0.001762,0.04139
0.001763,0.042739
0.001764,0.044107
0.001765,0.045492
0.001766,0.046894
0.001767,0.04831
0.001768,0.049741
0.001769,0.051185
0.00177,0.052641
0.001771,0.054109
0.001772,0.055586
0.001773,0.057073
0.001774,0.058568
0.001775,0.060069
0.001776,0.061577
0.001777,0.063089
0.001778,0.064606
0.001779,0.066125
0.00178,0.067645
0.001781,0.069166
0.001782,0.070687
0.001783,0.072206
0.001784,0.073722
0.001785,0.075235
0.001786,0.076743
0.001787,0.078245
0.001788,0.079739
0.001789,0.081226
0.00179,0.082704
0.001791,0.084171
0.001792,0.085628
0.001793,0.087072
0.001794,0.088503
0.001795,0.089919
0.001796,0.091321
0.001797,0.092706
0.001798,0.094073
0.001799,0.095423
0.0018,0.096753
0.001801,0.098063
0.001802,0.099352
0.001803,0.10062
0.001804,0.10186
0.001805,0.10308
0.001806,0.10428
0.001807,0.10545
0.001808,0.10659
0.001809,0.10771
0.00181,0.1088
0.001811,0.10986
0.001812,0.11089
0.001813,0.11189
0.001814,0.11286
0.001815,0.1138
0.001816,0.1147
0.001817,0.11558
0.001818,0.11642
0.001819,0.11722
0.00182,0.11799
0.001821,0.11873
0.001822,0.11943
0.001823,0.12009
0.001824,0.12072
0.001825,0.12131
0.001826,0.12186
0.001827,0.12237
0.001828,0.12285
0.001829,0.12329
0.00183,0.12369
0.001831,0.12405
0.001832,0.12437
0.001833,0.12465
0.001834,0.12489
0.001835,0.12509
0.001836,0.12525
0.001837,0.12537
0.001838,0.12545
0.001839,0.12549
0.00184,0.12549
0.001841,0.12545
0.001842,0.12537
0.001843,0.12525
0.001844,0.12509
0.001845,0.12489
0.001846,0.12465
0.001847,0.12437
0.001848,0.12405
0.001849,0.1237
0.00185,0.1233
0.001851,0.12287
0.001852,0.12239
0.001853,0.12188
0.001854,0.12134
0.001855,0.12075
0.001856,0.12013
0.001857,0.11948
0.001858,0.11879
0.001859,0.11806
0.00186,0.1173
0.001861,0.11651
0.001862,0.11568
0.001863,0.11482
0.001864,0.11393
0.001865,0.11301
0.001866,0.11206
0.001867,0.11108
0.001868,0.11007
0.001869,0.10903
0.00187,0.10796
0.001871,0.10687
0.001872,0.10575
0.001873,0.10461
0.001874,0.10345
0.001875,0.10226
0.001876,0.10105
0.001877,0.099818
0.001878,0.098567
0.001879,0.097297
0.00188,0.096009
0.001881,0.094704
0.001882,0.093382
0.001883,0.092046
0.001884,0.090696
0.001885,0.089332
0.001886,0.087957
0.001887,0.086571
0.001888,0.085175
0.001889,0.08377
0.00189,0.082357
0.001891,0.080939
0.001892,0.079514
0.001893,0.078086
0.001894,0.076654
0.001895,0.07522
0.001896,0.073784
0.001897,0.072349
0.001898,0.070916
0.001899,0.069484
0.0019,0.068056
0.001901,0.066632
0.001902,0.065214
0.001903,0.063803
0.001904,0.0624
0.001905,0.061005
0.001906,0.059621
0.001907,0.058247
0.001908,0.056886
0.001909,0.055537
0.00191,0.054203
0.001911,0.052884
0.001912,0.051582
0.001913,0.050297
0.001914,0.04903
0.001915,0.047782
0.001916,0.046554
0.001917,0.045348
0.001918,0.044163
0.001919,0.043002
0.00192,0.041864
0.001921,0.040752
0.001922,0.039664
0.001923,0.038604
0.001924,0.03757
0.001925,0.036565
0.001926,0.035589
0.001927,0.034642
0.001928,0.033726
0.001929,0.03284
0.00193,0.031986
0.001931,0.031165
0.001932,0.030377
0.001933,0.029622
0.001934,0.028902
0.001935,0.028216
0.001936,0.027566
0.001937,0.026951
0.001938,0.026372
0.001939,0.025831
0.00194,0.025326
0.001941,0.024859
0.001942,0.024429
0.001943,0.024038
0.001944,0.023685
0.001945,0.023371
0.001946,0.023096
0.001947,0.022859
0.001948,0.022662
0.001949,0.022505
0.00195,0.022387
0.001951,0.022309
0.001952,0.02227
0.001953,0.022271
0.001954,0.022311
0.001955,0.022392
0.001956,0.022511
0.001957,0.02267
0.001958,0.022869
0.001959,0.023106
0.00196,0.023382
0.001961,0.023697
0.001962,0.02405
0.001963,0.024442
0.001964,0.024871
0.001965,0.025338
0.001966,0.025841
0.001967,0.026381
0.001968,0.026958
0.001969,0.02757
0.00197,0.028217
0.001971,0.028899
0.001972,0.029615
0.001973,0.030364
0.001974,0.031147
0.001975,0.031962
0.001976,0.032808
0.001977,0.033686
0.001978,0.034594
0.001979,0.035531
0.00198,0.036497
0.001981,0.037492
0.001982,0.038513
0.001983,0.039561
0.001984,0.040635
0.001985,0.041733
0.001986,0.042855
0.001987,0.044
0.001988,0.045168
0.001989,0.046356
0.00199,0.047565
0.001991,0.048793
0.001992,0.050039
0.001993,0.051303
0.001994,0.052583
0.001995,0.053878
0.001996,0.055188
0.001997,0.056511
0.001998,0.057846
0.001999,0.059193
0.002,0.06055
0.002001,0.061915
0.002002,0.063289
0.002003,0.06467
0.002004,0.066057
0.002005,0.067448
0.002006,0.068844
0.002007,0.070242
0.002008,0.071641
0.002009,0.073041
0.00201,0.074441
0.002011,0.075838
0.002012,0.077233
0.002013,0.078625
0.002014,0.080011
0.002015,0.081391
0.002016,0.082764
0.002017,0.08413
0.002018,0.085486
0.002019,0.086831
0.00202,0.088166
0.002021,0.089489
0.002022,0.090798
0.002023,0.092093
0.002024,0.093373
0.002025,0.094636
0.002026,0.095882
0.002027,0.097111
0.002028,0.09832
0.002029,0.099509
0.00203,0.10068
0.002031,0.10182
0.002032,0.10295
0.002033,0.10405
0.002034,0.10513
0.002035,0.10618
0.002036,0.1072
0.002037,0.1082
0.002038,0.10917
0.002039,0.11012
0.00204,0.11103
0.002041,0.11192
0.002042,0.11277
0.002043,0.11359
0.002044,0.11439
0.002045,0.11515
0.002046,0.11588
0.002047,0.11657
0.002048,0.11723
0.002049,0.11786
0.00205,0.11846
0.002051,0.11902
0.002052,0.11954
0.002053,0.12003
0.002054,0.12048
0.002055,0.12089
0.002056,0.12127
0.002057,0.12162
0.002058,0.12192
0.002059,0.12219
0.00206,0.12242
0.002061,0.12262
0.002062,0.12277
0.002063,0.12289
0.002064,0.12297
0.002065,0.12302
0.002066,0.12302
0.002067,0.12299
0.002068,0.12292
0.002069,0.12282
0.00207,0.12267
0.002071,0.12249
0.002072,0.12228
0.002073,0.12202
0.002074,0.12173
0.002075,0.12141
0.002076,0.12104
0.002077,0.12065
0.002078,0.12021
0.002079,0.11975
0.00208,0.11925
0.002081,0.11871
0.002082,0.11815
0.002083,0.11755
0.002084,0.11691
0.002085,0.11625
0.002086,0.11555
0.002087,0.11483
0.002088,0.11408
0.002089,0.11329
0.00209,0.11248
0.002091,0.11164
0.002092,0.11077
0.002093,0.10988
0.002094,0.10896
0.002095,0.10802
0.002096,0.10705
0.002097,0.10607
0.002098,0.10505
0.002099,0.10402
0.0021,0.10297
0.002101,0.1019
0.002102,0.10081
0.002103,0.099701
0.002104,0.098577
0.002105,0.097437
0.002106,0.096283
0.002107,0.095115
0.002108,0.093934
0.002109,0.092742
0.00211,0.091539
0.002111,0.090327
0.002112,0.089106
0.002113,0.087878
0.002114,0.086643
0.002115,0.085403
0.002116,0.084158
0.002117,0.08291
0.002118,0.08166
0.002119,0.080408
0.00212,0.079157
0.002121,0.077906
0.002122,0.076658
0.002123,0.075412
0.002124,0.07417
0.002125,0.072934
0.002126,0.071704
0.002127,0.07048
0.002128,0.069265
0.002129,0.06806
0.00213,0.066864
0.002131,0.06568
0.002132,0.064508
0.002133,0.063349
0.002134,0.062204
0.002135,0.061074
0.002136,0.05996
0.002137,0.058863
0.002138,0.057784
0.002139,0.056724
0.00214,0.055683
0.002141,0.054663
0.002142,0.053664
0.002143,0.052687
0.002144,0.051733
0.002145,0.050803
0.002146,0.049897
0.002147,0.049016
0.002148,0.048161
0.002149,0.047332
0.00215,0.046531
0.002151,0.045758
0.002152,0.045013
0.002153,0.044297
0.002154,0.04361
0.002155,0.042954
0.002156,0.042328
0.002157,0.041733
0.002158,0.04117
0.002159,0.040639
0.00216,0.04014
0.002161,0.039674
0.002162,0.039241
0.002163,0.038841
0.002164,0.038475
0.002165,0.038143
0.002166,0.037845
0.002167,0.037582
0.002168,0.037352
0.002169,0.037158
0.00217,0.036998
0.002171,0.036873
0.002172,0.036783
0.002173,0.036727
0.002174,0.036707
0.002175,0.036721
0.002176,0.03677
0.002177,0.036853
0.002178,0.036971
0.002179,0.037124
0.00218,0.03731
0.002181,0.03753
0.002182,0.037784
0.002183,0.038071
0.002184,0.038391
0.002185,0.038744
0.002186,0.039129
0.002187,0.039547
0.002188,0.039995
0.002189,0.040475
0.00219,0.040986
0.002191,0.041526
0.002192,0.042097
0.002193,0.042696
0.002194,0.043324
0.002195,0.04398
0.002196,0.044663
0.002197,0.045373
0.002198,0.046108
0.002199,0.04687
0.0022,0.047656
0.002201,0.048465
0.002202,0.049299
0.002203,0.050154
0.002204,0.051032
0.002205,0.05193
0.002206,0.052849
0.002207,0.053787
0.002208,0.054743
0.002209,0.055717
0.00221,0.056708
0.002211,0.057715
0.002212,0.058737
0.002213,0.059773
0.002214,0.060823
0.002215,0.061885
0.002216,0.062958
0.002217,0.064042
0.002218,0.065136
0.002219,0.066238
0.00222,0.067348
0.002221,0.068465
0.002222,0.069588
0.002223,0.070716
0.002224,0.071847
0.002225,0.072982
0.002226,0.074119
0.002227,0.075257
0.002228,0.076395
0.002229,0.077532
0.00223,0.078668
0.002231,0.079801
0.002232,0.08093
0.002233,0.082055
0.002234,0.083174
0.002235,0.084287
0.002236,0.085392
0.002237,0.08649
0.002238,0.087578
0.002239,0.088656
0.00224,0.089724
0.002241,0.090779
0.002242,0.091822
0.002243,0.092852
0.002244,0.093867
0.002245,0.094867
0.002246,0.095851
0.002247,0.096818
0.002248,0.097768
0.002249,0.0987
0.00225,0.099613
0.002251,0.10051
0.002252,0.10138
0.002253,0.10223
0.002254,0.10306
0.002255,0.10387
0.002256,0.10465
0.002257,0.10541
0.002258,0.10615
0.002259,0.10686
0.00226,0.10754
0.002261,0.1082
0.002262,0.10884
0.002263,0.10944
0.002264,0.11002
0.002265,0.11057
0.002266,0.1111
0.002267,0.11159
0.002268,0.11206
0.002269,0.11249
0.00227,0.1129
0.002271,0.11328
0.002272,0.11362
0.002273,0.11394
0.002274,0.11422
0.002275,0.11448
0.002276,0.1147
0.002277,0.11489
0.002278,0.11505
0.002279,0.11518
0.00228,0.11528
0.002281,0.11534
0.002282,0.11538
0.002283,0.11538
0.002284,0.11535
0.002285,0.11529
0.002286,0.1152
0.002287,0.11508
0.002288,0.11492
0.002289,0.11474
0.00229,0.11452
0.002291,0.11428
0.002292,0.114
0.002293,0.11369
0.002294,0.11336
0.002295,0.11299
0.002296,0.1126
0.002297,0.11217
0.002298,0.11172
0.002299,0.11124
0.0023,0.11073
0.002301,0.1102
0.002302,0.10964
0.002303,0.10905
0.002304,0.10844
0.002305,0.1078
0.002306,0.10714
0.002307,0.10645
0.002308,0.10574
0.002309,0.10501
0.00231,0.10426
0.002311,0.10348
0.002312,0.10268
0.002313,0.10187
0.002314,0.10103
0.002315,0.10017
0.002316,0.099301
0.002317,0.09841
0.002318,0.097504
0.002319,0.096581
0.00232,0.095643
0.002321,0.094692
0.002322,0.093727
0.002323,0.092749
0.002324,0.09176
0.002325,0.090759
0.002326,0.089749
0.002327,0.088729
0.002328,0.087701
0.002329,0.086665
0.00233,0.085623
0.002331,0.084575
0.002332,0.083521
0.002333,0.082464
0.002334,0.081404
0.002335,0.080341
0.002336,0.079276
0.002337,0.078211
0.002338,0.077147
0.002339,0.076083
0.00234,0.075022
0.002341,0.073963
0.002342,0.072908
0.002343,0.071858
0.002344,0.070813
0.002345,0.069774
0.002346,0.068743
0.002347,0.067719
0.002348,0.066704
0.002349,0.065699
0.00235,0.064704
0.002351,0.06372
0.002352,0.062749
0.002353,0.06179
0.002354,0.060844
0.002355,0.059913
0.002356,0.058997
0.002357,0.058096
0.002358,0.057212
0.002359,0.056345
0.00236,0.055496
0.002361,0.054665
0.002362,0.053854
0.002363,0.053062
0.002364,0.05229
0.002365,0.051539
0.002366,0.05081
0.002367,0.050102
0.002368,0.049418
0.002369,0.048756
0.00237,0.048118
0.002371,0.047504
0.002372,0.046914
0.002373,0.046349
0.002374,0.04581
0.002375,0.045296
0.002376,0.044808
0.002377,0.044347
0.002378,0.043912
0.002379,0.043504
0.00238,0.043124
0.002381,0.042771
0.002382,0.042446
0.002383,0.042148
0.002384,0.041879
0.002385,0.041638
0.002386,0.041426
0.002387,0.041242
0.002388,0.041086
0.002389,0.04096
0.00239,0.040861
0.002391,0.040792
0.002392,0.040751
0.002393,0.040739
0.002394,0.040755
0.002395,0.0408
0.002396,0.040873
0.002397,0.040975
0.002398,0.041104
0.002399,0.041262
0.0024,0.041447
0.002401,0.04166
0.002402,0.0419
0.002403,0.042167
0.002404,0.04246
0.002405,0.04278
0.002406,0.043126
0.002407,0.043498
0.002408,0.043895
0.002409,0.044317
0.00241,0.044764
0.002411,0.045235
0.002412,0.045729
0.002413,0.046247
0.002414,0.046787
0.002415,0.04735
0.002416,0.047934
0.002417,0.048539
0.002418,0.049166
0.002419,0.049812
0.00242,0.050478
0.002421,0.051162
0.002422,0.051865
0.002423,0.052586
0.002424,0.053324
0.002425,0.054078
0.002426,0.054848
0.002427,0.055634
0.002428,0.056433
0.002429,0.057247
0.00243,0.058073
0.002431,0.058912
0.002432,0.059762
0.002433,0.060624
0.002434,0.061496
0.002435,0.062377
0.002436,0.063267
0.002437,0.064165
0.002438,0.06507
0.002439,0.065982
0.00244,0.066899
0.002441,0.067822
0.002442,0.068749
0.002443,0.069679
0.002444,0.070612
0.002445,0.071547
0.002446,0.072484
0.002447,0.073421
0.002448,0.074357
0.002449,0.075293
0.00245,0.076227
0.002451,0.077158
0.002452,0.078086
0.002453,0.07901
0.002454,0.079929
0.002455,0.080843
0.002456,0.08175
0.002457,0.082651
0.002458,0.083544
0.002459,0.084429
0.00246,0.085305
0.002461,0.086171
0.002462,0.087027
0.002463,0.087871
0.002464,0.088704
0.002465,0.089525
0.002466,0.090333
0.002467,0.091127
0.002468,0.091907
0.002469,0.092672
0.00247,0.093422
0.002471,0.094155
0.002472,0.094873
0.002473,0.095573
0.002474,0.096256
0.002475,0.09692
0.002476,0.097566
0.002477,0.098193
0.002478,0.0988
0.002479,0.099388
0.00248,0.099954
0.002481,0.1005
0.002482,0.10103
0.002483,0.10153
0.002484,0.10201
0.002485,0.10247
0.002486,0.1029
0.002487,0.10332
0.002488,0.10371
0.002489,0.10407
0.00249,0.10441
0.002491,0.10473
0.002492,0.10503
0.002493,0.1053
0.002494,0.10554
0.002495,0.10576
0.002496,0.10595
0.002497,0.10612
0.002498,0.10627
0.002499,0.10639
0.0025,0.10648
0.002501,0.10655
0.002502,0.10659
0.002503,0.10661
0.002504,0.1066
0.002505,0.10657
0.002506,0.10651
0.002507,0.10642
0.002508,0.10631
0.002509,0.10618
0.00251,0.10602
0.002511,0.10583
0.002512,0.10562
0.002513,0.10539
0.002514,0.10513
0.002515,0.10485
0.002516,0.10454
0.002517,0.10421
0.002518,0.10386
0.002519,0.10348
0.00252,0.10309
0.002521,0.10266
0.002522,0.10222
0.002523,0.10176
0.002524,0.10127
0.002525,0.10076
0.002526,0.10023
0.002527,0.099687
0.002528,0.099119
0.002529,0.098532
0.00253,0.097926
0.002531,0.097303
0.002532,0.096661
0.002533,0.096002
0.002534,0.095326
0.002535,0.094634
0.002536,0.093926
0.002537,0.093203
0.002538,0.092465
0.002539,0.091714
0.00254,0.090949
0.002541,0.090171
0.002542,0.08938
0.002543,0.088578
0.002544,0.087765
0.002545,0.086941
0.002546,0.086108
0.002547,0.085265
0.002548,0.084414
0.002549,0.083555
0.00255,0.082689
0.002551,0.081816
0.002552,0.080937
0.002553,0.080053
0.002554,0.079164
0.002555,0.078271
0.002556,0.077375
0.002557,0.076477
0.002558,0.075576
0.002559,0.074674
0.00256,0.073772
0.002561,0.072869
0.002562,0.071967
0.002563,0.071067
0.002564,0.070169
0.002565,0.069273
0.002566,0.068381
0.002567,0.067493
0.002568,0.066609
0.002569,0.065731
0.00257,0.064859
0.002571,0.063994
0.002572,0.063135
0.002573,0.062285
0.002574,0.061443
0.002575,0.06061
0.002576,0.059786
0.002577,0.058973
0.002578,0.058171
0.002579,0.05738
0.00258,0.056601
0.002581,0.055835
0.002582,0.055082
0.002583,0.054342
0.002584,0.053616
0.002585,0.052905
0.002586,0.052209
0.002587,0.051529
0.002588,0.050865
0.002589,0.050217
0.00259,0.049586
0.002591,0.048972
0.002592,0.048377
0.002593,0.047799
0.002594,0.04724
0.002595,0.0467
0.002596,0.046179
0.002597,0.045678
0.002598,0.045196
0.002599,0.044735
0.0026,0.044295
0.002601,0.043875
0.002602,0.043477
0.002603,0.043099
0.002604,0.042744
0.002605,0.04241
0.002606,0.042097
0.002607,0.041808
0.002608,0.04154
0.002609,0.041295
0.00261,0.041072
0.002611,0.040872
0.002612,0.040694
0.002613,0.04054
0.002614,0.040408
0.002615,0.040299
0.002616,0.040214
0.002617,0.040151
0.002618,0.040111
0.002619,0.040093
0.00262,0.040099
0.002621,0.040127
0.002622,0.040178
0.002623,0.040252
0.002624,0.040348
0.002625,0.040467
0.002626,0.040607
0.002627,0.04077
0.002628,0.040954
0.002629,0.041161
0.00263,0.041388
0.002631,0.041637
0.002632,0.041907
0.002633,0.042197
0.002634,0.042508
0.002635,0.042839
0.002636,0.04319
0.002637,0.04356
0.002638,0.04395
0.002639,0.044358
0.00264,0.044785
0.002641,0.045231
0.002642,0.045693
0.002643,0.046174
0.002644,0.046671
0.002645,0.047185
0.002646,0.047715
0.002647,0.04826
0.002648,0.048821
0.002649,0.049397
0.00265,0.049987
0.002651,0.050591
0.002652,0.051208
0.002653,0.051838
0.002654,0.052481
0.002655,0.053135
0.002656,0.053801
0.002657,0.054477
0.002658,0.055164
0.002659,0.055861
0.00266,0.056567
0.002661,0.057281
0.002662,0.058004
0.002663,0.058734
0.002664,0.059472
0.002665,0.060215
0.002666,0.060965
0.002667,0.06172
0.002668,0.06248
0.002669,0.063243
0.00267,0.064011
0.002671,0.064781
0.002672,0.065554
0.002673,0.066329
0.002674,0.067105
0.002675,0.067882
0.002676,0.068659
0.002677,0.069436
0.002678,0.070211
0.002679,0.070985
0.00268,0.071757
0.002681,0.072526
0.002682,0.073292
0.002683,0.074054
0.002684,0.074812
0.002685,0.075565
0.002686,0.076312
0.002687,0.077054
0.002688,0.077789
0.002689,0.078517
0.00269,0.079237
0.002691,0.079949
0.002692,0.080653
0.002693,0.081347
0.002694,0.082032
0.002695,0.082707
0.002696,0.083372
0.002697,0.084025
0.002698,0.084667
0.002699,0.085297
0.0027,0.085915
0.002701,0.08652
0.002702,0.087112
0.002703,0.087691
0.002704,0.088255
0.002705,0.088805
0.002706,0.08934
0.002707,0.08986
0.002708,0.090365
0.002709,0.090854
0.00271,0.091327
0.002711,0.091784
0.002712,0.092223
0.002713,0.092646
0.002714,0.093052
0.002715,0.09344
0.002716,0.09381
0.002717,0.094162
0.002718,0.094496
0.002719,0.094811
0.00272,0.095108
0.002721,0.095386
0.002722,0.095645
0.002723,0.095884
0.002724,0.096105
0.002725,0.096306
0.002726,0.096487
0.002727,0.096649
0.002728,0.096791
0.002729,0.096913
0.00273,0.097015
0.002731,0.097097
0.002732,0.09716
0.002733,0.097202
0.002734,0.097225
0.002735,0.097227
0.002736,0.09721
0.002737,0.097172
0.002738,0.097115
0.002739,0.097038
0.00274,0.096941
0.002741,0.096825
0.002742,0.096689
0.002743,0.096534
0.002744,0.09636
0.002745,0.096167
0.002746,0.095954
0.002747,0.095723
0.002748,0.095473
0.002749,0.095205
0.00275,0.094919
0.002751,0.094615
0.002752,0.094293
0.002753,0.093954
0.002754,0.093597
0.002755,0.093223
0.002756,0.092833
0.002757,0.092427
0.002758,0.092004
0.002759,0.091566
0.00276,0.091112
0.002761,0.090643
0.002762,0.09016
0.002763,0.089662
0.002764,0.089149
0.002765,0.088624
0.002766,0.088085
0.002767,0.087533
0.002768,0.086968
0.002769,0.086392
0.00277,0.085803
0.002771,0.085204
0.002772,0.084593
0.002773,0.083972
0.002774,0.083341
0.002775,0.082701
0.002776,0.082051
0.002777,0.081393
0.002778,0.080726
0.002779,0.080052
0.00278,0.079371
0.002781,0.078682
0.002782,0.077988
0.002783,0.077287
0.002784,0.076581
0.002785,0.075871
0.002786,0.075156
0.002787,0.074436
0.002788,0.073714
0.002789,0.072989
0.00279,0.072261
0.002791,0.071531
0.002792,0.070799
0.002793,0.070067
0.002794,0.069334
0.002795,0.068602
0.002796,0.067869
0.002797,0.067138
0.002798,0.066408
0.002799,0.06568
0.0028,0.064955
0.002801,0.064233
0.002802,0.063513
0.002803,0.062798
0.002804,0.062087
0.002805,0.061381
0.002806,0.06068
0.002807,0.059985
0.002808,0.059296
0.002809,0.058614
0.00281,0.057939
0.002811,0.057271
0.002812,0.056611
0.002813,0.05596
0.002814,0.055317
0.002815,0.054684
0.002816,0.05406
0.002817,0.053446
0.002818,0.052842
0.002819,0.052249
0.00282,0.051668
0.002821,0.051097
0.002822,0.050539
0.002823,0.049993
0.002824,0.049459
0.002825,0.048938
0.002826,0.04843
0.002827,0.047936
0.002828,0.047456
0.002829,0.046989
0.00283,0.046537
0.002831,0.0461
0.002832,0.045677
0.002833,0.04527
0.002834,0.044877
0.002835,0.044501
0.002836,0.04414
0.002837,0.043795
0.002838,0.043467
0.002839,0.043154
0.00284,0.042859
0.002841,0.04258
0.002842,0.042317
0.002843,0.042072
0.002844,0.041844
0.002845,0.041633
0.002846,0.04144
0.002847,0.041263
0.002848,0.041105
0.002849,0.040964
0.00285,0.04084
0.002851,0.040734
0.002852,0.040646
0.002853,0.040575
0.002854,0.040522
0.002855,0.040487
0.002856,0.040469
0.002857,0.040469
0.002858,0.040486
0.002859,0.040521
0.00286,0.040574
0.002861,0.040643
0.002862,0.04073
0.002863,0.040835
0.002864,0.040956
0.002865,0.041094
0.002866,0.041249
0.002867,0.041421
0.002868,0.041609
0.002869,0.041813
0.00287,0.042034
0.002871,0.04227
0.002872,0.042523
0.002873,0.04279
0.002874,0.043074
0.002875,0.043372
0.002876,0.043685
0.002877,0.044013
0.002878,0.044355
0.002879,0.044711
0.00288,0.045081
0.002881,0.045464
0.002882,0.045861
0.002883,0.046271
0.002884,0.046693
0.002885,0.047127
0.002886,0.047574
0.002887,0.048032
0.002888,0.048502
0.002889,0.048982
0.00289,0.049473
0.002891,0.049975
0.002892,0.050486
0.002893,0.051007
0.002894,0.051537
0.002895,0.052076
0.002896,0.052623
0.002897,0.053178
0.002898,0.053741
0.002899,0.054311
0.0029,0.054888
0.002901,0.055471
0.002902,0.05606
0.002903,0.056655
0.002904,0.057255
0.002905,0.05786
0.002906,0.05847
0.002907,0.059083
0.002908,0.0597
0.002909,0.06032
0.00291,0.060942
0.002911,0.061567
0.002912,0.062194
0.002913,0.062822
0.002914,0.063451
0.002915,0.064081
0.002916,0.064711
0.002917,0.06534
0.002918,0.065969
0.002919,0.066597
0.00292,0.067223
0.002921,0.067848
0.002922,0.06847
0.002923,0.069089
0.002924,0.069705
0.002925,0.070318
0.002926,0.070926
0.002927,0.071531
0.002928,0.07213
0.002929,0.072725
0.00293,0.073313
0.002931,0.073896
0.002932,0.074473
0.002933,0.075043
0.002934,0.075607
0.002935,0.076162
0.002936,0.076711
0.002937,0.077251
0.002938,0.077782
0.002939,0.078305
0.00294,0.078819
0.002941,0.079324
0.002942,0.079819
0.002943,0.080304
0.002944,0.080778
0.002945,0.081242
0.002946,0.081695
0.002947,0.082137
0.002948,0.082568
0.002949,0.082987
0.00295,0.083394
0.002951,0.083788
0.002952,0.084171
0.002953,0.08454
0.002954,0.084897
0.002955,0.085241
0.002956,0.085571
0.002957,0.085888
0.002958,0.086192
0.002959,0.086481
0.00296,0.086757
0.002961,0.087018
0.002962,0.087265
0.002963,0.087497
0.002964,0.087715
0.002965,0.087918
0.002966,0.088106
0.002967,0.08828
0.002968,0.088438
0.002969,0.088581
0.00297,0.088709
0.002971,0.088822
0.002972,0.088919
0.002973,0.089002
0.002974,0.089068
0.002975,0.089119
0.002976,0.089155
0.002977,0.089175
0.002978,0.08918
0.002979,0.08917
0.00298,0.089144
0.002981,0.089102
0.002982,0.089046
0.002983,0.088973
0.002984,0.088886
0.002985,0.088784
0.002986,0.088666
0.002987,0.088533
0.002988,0.088386
0.002989,0.088223
0.00299,0.088046
0.002991,0.087854
0.002992,0.087648
0.002993,0.087428
0.002994,0.087193
0.002995,0.086944
0.002996,0.086681
0.002997,0.086405
0.002998,0.086115
0.002999,0.085812
0.003,0.085496
0.003001,0.085166
0.003002,0.084824
0.003003,0.08447
0.003004,0.084103
0.003005,0.083724
0.003006,0.083334
0.003007,0.082931
0.003008,0.082518
0.003009,0.082093
0.00301,0.081658
0.003011,0.081212
0.003012,0.080756
0.003013,0.08029
0.003014,0.079814
0.003015,0.079329
0.003016,0.078835
0.003017,0.078332
0.003018,0.07782
0.003019,0.077301
0.00302,0.076774
0.003021,0.076239
0.003022,0.075697
0.003023,0.075148
0.003024,0.074593
0.003025,0.074032
0.003026,0.073465
0.003027,0.072892
0.003028,0.072314
0.003029,0.071732
0.00303,0.071145
0.003031,0.070555
0.003032,0.06996
0.003033,0.069363
0.003034,0.068762
0.003035,0.068159
0.003036,0.067554
0.003037,0.066947
0.003038,0.066338
0.003039,0.065729
0.00304,0.065119
0.003041,0.064508
0.003042,0.063898
0.003043,0.063288
0.003044,0.062678
0.003045,0.06207
0.003046,0.061464
0.003047,0.06086
0.003048,0.060257
0.003049,0.059658
0.00305,0.059062
0.003051,0.058469
0.003052,0.057879
0.003053,0.057294
0.003054,0.056714
0.003055,0.056138
0.003056,0.055567
0.003057,0.055002
0.003058,0.054443
0.003059,0.05389
0.00306,0.053344
0.003061,0.052805
0.003062,0.052273
0.003063,0.051748
0.003064,0.051231
0.003065,0.050723
0.003066,0.050223
0.003067,0.049732
0.003068,0.04925
0.003069,0.048777
0.00307,0.048314
0.003071,0.047861
0.003072,0.047419
0.003073,0.046987
0.003074,0.046565
0.003075,0.046155
0.003076,0.045756
0.003077,0.045369
0.003078,0.044993
0.003079,0.04463
0.00308,0.044278
0.003081,0.043939
0.003082,0.043613
0.003083,0.0433
0.003084,0.042999
0.003085,0.042712
0.003086,0.042438
0.003087,0.042178
0.003088,0.041931
0.003089,0.041699
0.00309,0.04148
0.003091,0.041275
0.003092,0.041085
0.003093,0.040909
0.003094,0.040747
0.003095,0.0406
0.003096,0.040468
0.003097,0.04035
0.003098,0.040247
0.003099,0.040159
0.0031,0.040086
0.003101,0.040028
0.003102,0.039984
0.003103,0.039956
0.003104,0.039942
0.003105,0.039944
0.003106,0.039961
0.003107,0.039992
0.003108,0.040038
0.003109,0.0401
0.00311,0.040176
0.003111,0.040267
0.003112,0.040372
0.003113,0.040492
0.003114,0.040627
0.003115,0.040777
0.003116,0.04094
0.003117,0.041118
0.003118,0.04131
0.003119,0.041516
0.00312,0.041736
0.003121,0.04197
0.003122,0.042217
0.003123,0.042478
0.003124,0.042752
0.003125,0.043039
0.003126,0.043339
0.003127,0.043651
0.003128,0.043976
0.003129,0.044314
0.00313,0.044663
0.003131,0.045024
0.003132,0.045397
0.003133,0.045781
0.003134,0.046177
0.003135,0.046583
0.003136,0.047
0.003137,0.047427
0.003138,0.047865
0.003139,0.048312
0.00314,0.048768
0.003141,0.049234
0.003142,0.049709
0.003143,0.050193
0.003144,0.050685
0.003145,0.051184
0.003146,0.051692
0.003147,0.052207
0.003148,0.052729
0.003149,0.053258
0.00315,0.053793
0.003151,0.054334
0.003152,0.054881
0.003153,0.055434
0.003154,0.055991
0.003155,0.056553
0.003156,0.05712
0.003157,0.057691
0.003158,0.058265
0.003159,0.058842
0.00316,0.059423
0.003161,0.060006
0.003162,0.060591
0.003163,0.061178
0.003164,0.061766
0.003165,0.062356
0.003166,0.062946
0.003167,0.063537
0.003168,0.064128
0.003169,0.064718
0.00317,0.065307
0.003171,0.065896
0.003172,0.066483
0.003173,0.067068
0.003174,0.067651
0.003175,0.068232
0.003176,0.068809
0.003177,0.069384
0.003178,0.069954
0.003179,0.070521
0.00318,0.071084
0.003181,0.071641
0.003182,0.072194
0.003183,0.072741
0.003184,0.073283
0.003185,0.073818
0.003186,0.074348
0.003187,0.07487
0.003188,0.075385
0.003189,0.075893
0.00319,0.076394
0.003191,0.076886
0.003192,0.07737
0.003193,0.077846
0.003194,0.078312
0.003195,0.07877
0.003196,0.079217
0.003197,0.079656
0.003198,0.080084
0.003199,0.080501
0.0032,0.080909
0.003201,0.081305
0.003202,0.08169
0.003203,0.082064
0.003204,0.082427
0.003205,0.082778
0.003206,0.083116
0.003207,0.083443
0.003208,0.083757
0.003209,0.084058
0.00321,0.084347
0.003211,0.084622
0.003212,0.084885
0.003213,0.085134
0.003214,0.085369
0.003215,0.085591
0.003216,0.085799
0.003217,0.085993
0.003218,0.086173
0.003219,0.086339
0.00322,0.086491
0.003221,0.086628
0.003222,0.086751
0.003223,0.086859
0.003224,0.086952
0.003225,0.087031
0.003226,0.087095
0.003227,0.087144
0.003228,0.087178
0.003229,0.087198
0.00323,0.087202
0.003231,0.087192
0.003232,0.087167
0.003233,0.087126
0.003234,0.087071
0.003235,0.087002
0.003236,0.086917
0.003237,0.086818
0.003238,0.086703
0.003239,0.086575
0.00324,0.086431
0.003241,0.086274
0.003242,0.086102
0.003243,0.085915
0.003244,0.085715
0.003245,0.0855
0.003246,0.085272
0.003247,0.085029
0.003248,0.084774
0.003249,0.084504
0.00325,0.084222
0.003251,0.083926
0.003252,0.083618
0.003253,0.083296
0.003254,0.082962
0.003255,0.082616
0.003256,0.082258
0.003257,0.081888
0.003258,0.081507
0.003259,0.081114
0.00326,0.080709
0.003261,0.080294
0.003262,0.079869
0.003263,0.079433
0.003264,0.078987
0.003265,0.078531
0.003266,0.078066
0.003267,0.077592
0.003268,0.077108
0.003269,0.076616
0.00327,0.076116
0.003271,0.075609
0.003272,0.075093
0.003273,0.07457
0.003274,0.074041
0.003275,0.073505
0.003276,0.072962
0.003277,0.072414
0.003278,0.07186
0.003279,0.071302
0.00328,0.070738
0.003281,0.07017
0.003282,0.069598
0.003283,0.069023
0.003284,0.068444
0.003285,0.067862
0.003286,0.067278
0.003287,0.066691
0.003288,0.066103
0.003289,0.065514
0.00329,0.064924
0.003291,0.064333
0.003292,0.063742
0.003293,0.063151
0.003294,0.062561
0.003295,0.061972
0.003296,0.061384
0.003297,0.060798
0.003298,0.060214
0.003299,0.059633
0.0033,0.059055
0.003301,0.05848
0.003302,0.057909
0.003303,0.057342
0.003304,0.056779
0.003305,0.056222
0.003306,0.055669
0.003307,0.055122
0.003308,0.054582
0.003309,0.054047
0.00331,0.053519
0.003311,0.052999
0.003312,0.052485
0.003313,0.05198
0.003314,0.051482
0.003315,0.050993
0.003316,0.050512
0.003317,0.050041
0.003318,0.049579
0.003319,0.049127
0.00332,0.048685
0.003321,0.048253
0.003322,0.047831
0.003323,0.047421
0.003324,0.047021
0.003325,0.046633
0.003326,0.046257
0.003327,0.045893
0.003328,0.04554
0.003329,0.0452
0.00333,0.044873
0.003331,0.044559
0.003332,0.044258
0.003333,0.04397
0.003334,0.043695
0.003335,0.043434
0.003336,0.043187
0.003337,0.042954
0.003338,0.042735
0.003339,0.04253
0.00334,0.04234
0.003341,0.042165
0.003342,0.042004
0.003343,0.041858
0.003344,0.041726
0.003345,0.04161
0.003346,0.041509
0.003347,0.041423
0.003348,0.041352
0.003349,0.041297
0.00335,0.041256
0.003351,0.041231
0.003352,0.041222
0.003353,0.041228
0.003354,0.041249
0.003355,0.041285
0.003356,0.041337
0.003357,0.041404
0.003358,0.041486
0.003359,0.041583
0.00336,0.041696
0.003361,0.041824
0.003362,0.041966
0.003363,0.042124
0.003364,0.042296
0.003365,0.042483
0.003366,0.042684
0.003367,0.0429
0.003368,0.043131
0.003369,0.043375
0.00337,0.043633
0.003371,0.043905
0.003372,0.044191
0.003373,0.04449
0.003374,0.044802
0.003375,0.045128
0.003376,0.045466
0.003377,0.045816
0.003378,0.04618
0.003379,0.046555
0.00338,0.046942
0.003381,0.047341
0.003382,0.047751
0.003383,0.048172
0.003384,0.048604
0.003385,0.049046
0.003386,0.049499
0.003387,0.049962
0.003388,0.050434
0.003389,0.050916
0.00339,0.051406
0.003391,0.051906
0.003392,0.052413
0.003393,0.052929
0.003394,0.053452
0.003395,0.053983
0.003396,0.054521
0.003397,0.055065
0.003398,0.055616
0.003399,0.056172
0.0034,0.056734
0.003401,0.057301
0.003402,0.057873
0.003403,0.058449
0.003404,0.05903
0.003405,0.059614
0.003406,0.060201
0.003407,0.060791
0.003408,0.061384
0.003409,0.061979
0.00341,0.062575
0.003411,0.063173
0.003412,0.063771
0.003413,0.06437
0.003414,0.06497
0.003415,0.065569
0.003416,0.066167
0.003417,0.066764
0.003418,0.06736
0.003419,0.067954
0.00342,0.068546
0.003421,0.069135
0.003422,0.069721
0.003423,0.070304
0.003424,0.070882
0.003425,0.071457
0.003426,0.072027
0.003427,0.072593
0.003428,0.073153
0.003429,0.073707
0.00343,0.074255
0.003431,0.074797
0.003432,0.075332
0.003433,0.075861
0.003434,0.076381
0.003435,0.076894
0.003436,0.077399
0.003437,0.077896
0.003438,0.078383
0.003439,0.078862
0.00344,0.079331
0.003441,0.079791
0.003442,0.080241
0.003443,0.08068
0.003444,0.081109
0.003445,0.081527
0.003446,0.081934
0.003447,0.08233
0.003448,0.082714
0.003449,0.083086
0.00345,0.083446
0.003451,0.083794
0.003452,0.08413
0.003453,0.084453
0.003454,0.084763
0.003455,0.085059
0.003456,0.085343
0.003457,0.085613
0.003458,0.08587
0.003459,0.086112
0.00346,0.086341
0.003461,0.086556
0.003462,0.086757
0.003463,0.086944
0.003464,0.087116
0.003465,0.087273
0.003466,0.087417
0.003467,0.087545
0.003468,0.087659
0.003469,0.087758
0.00347,0.087843
0.003471,0.087913
0.003472,0.087968
0.003473,0.088008
0.003474,0.088033
0.003475,0.088044
0.003476,0.08804
0.003477,0.088021
0.003478,0.087987
0.003479,0.087939
0.00348,0.087876
0.003481,0.087799
0.003482,0.087708
0.003483,0.087602
0.003484,0.087482
0.003485,0.087348
0.003486,0.0872
0.003487,0.087038
0.003488,0.086862
0.003489,0.086673
0.00349,0.086471
0.003491,0.086255
0.003492,0.086027
0.003493,0.085786
0.003494,0.085532
0.003495,0.085266
0.003496,0.084987
0.003497,0.084697
0.003498,0.084395
0.003499,0.084082
0.0035,0.083757
0.003501,0.083421
0.003502,0.083075
0.003503,0.082719
0.003504,0.082352
0.003505,0.081976
0.003506,0.08159
0.003507,0.081194
0.003508,0.08079
0.003509,0.080378
0.00351,0.079957
0.003511,0.079528
0.003512,0.079091
0.003513,0.078648
0.003514,0.078197
0.003515,0.07774
0.003516,0.077276
0.003517,0.076807
0.003518,0.076332
0.003519,0.075852
0.00352,0.075367
0.003521,0.074877
0.003522,0.074384
0.003523,0.073887
0.003524,0.073387
0.003525,0.072883
0.003526,0.072377
0.003527,0.071869
0.003528,0.071359
0.003529,0.070848
0.00353,0.070336
0.003531,0.069823
0.003532,0.06931
0.003533,0.068797
0.003534,0.068284
0.003535,0.067772
0.003536,0.067262
0.003537,0.066753
0.003538,0.066246
0.003539,0.065742
0.00354,0.06524
0.003541,0.064741
0.003542,0.064246
0.003543,0.063755
0.003544,0.063268
0.003545,0.062785
0.003546,0.062308
0.003547,0.061835
0.003548,0.061368
0.003549,0.060908
0.00355,0.060453
0.003551,0.060005
0.003552,0.059564
0.003553,0.05913
0.003554,0.058703
0.003555,0.058285
0.003556,0.057874
0.003557,0.057472
0.003558,0.057078
0.003559,0.056694
0.00356,0.056319
0.003561,0.055953
0.003562,0.055597
0.003563,0.055251
0.003564,0.054915
0.003565,0.05459
0.003566,0.054275
0.003567,0.053971
0.003568,0.053678
0.003569,0.053397
0.00357,0.053127
0.003571,0.052869
0.003572,0.052622
0.003573,0.052387
0.003574,0.052165
0.003575,0.051954
0.003576,0.051756
0.003577,0.051571
0.003578,0.051398
0.003579,0.051238
0.00358,0.05109
0.003581,0.050956
0.003582,0.050834
0.003583,0.050725
0.003584,0.050629
0.003585,0.050547
0.003586,0.050477
0.003587,0.050421
0.003588,0.050377
0.003589,0.050347
0.00359,0.05033
0.003591,0.050325
0.003592,0.050334
0.003593,0.050356
0.003594,0.050391
0.003595,0.050438
0.003596,0.050499
0.003597,0.050572
0.003598,0.050657
0.003599,0.050756
0.0036,0.050866
0.003601,0.050989
0.003602,0.051124
0.003603,0.051271
0.003604,0.051429
0.003605,0.0516
0.003606,0.051782
0.003607,0.051975
0.003608,0.052179
0.003609,0.052395
0.00361,0.052621
0.003611,0.052857
0.003612,0.053104
0.003613,0.053361
0.003614,0.053628
0.003615,0.053904
0.003616,0.05419
0.003617,0.054485
0.003618,0.054789
0.003619,0.055101
0.00362,0.055421
0.003621,0.05575
0.003622,0.056087
0.003623,0.05643
0.003624,0.056781
0.003625,0.057139
0.003626,0.057504
0.003627,0.057874
0.003628,0.058251
0.003629,0.058633
0.00363,0.05902
0.003631,0.059413
0.003632,0.05981
0.003633,0.060211
0.003634,0.060616
0.003635,0.061025
0.003636,0.061438
0.003637,0.061853
0.003638,0.06227
0.003639,0.062691
0.00364,0.063113
0.003641,0.063536
0.003642,0.063961
0.003643,0.064387
0.003644,0.064813
0.003645,0.065239
0.003646,0.065666
0.003647,0.066092
0.003648,0.066517
0.003649,0.066941
0.00365,0.067363
0.003651,0.067784
0.003652,0.068202
0.003653,0.068618
0.003654,0.069032
0.003655,0.069442
0.003656,0.069848
0.003657,0.070251
0.003658,0.07065
0.003659,0.071044
0.00366,0.071434
0.003661,0.071819
0.003662,0.072198
0.003663,0.072572
0.003664,0.07294
0.003665,0.073302
0.003666,0.073657
0.003667,0.074006
0.003668,0.074347
0.003669,0.074682
0.00367,0.075009
0.003671,0.075328
0.003672,0.07564
0.003673,0.075943
0.003674,0.076238
0.003675,0.076525
0.003676,0.076802
0.003677,0.077071
0.003678,0.07733
0.003679,0.07758
0.00368,0.07782
0.003681,0.078051
0.003682,0.078272
0.003683,0.078483
0.003684,0.078683
0.003685,0.078874
0.003686,0.079053
0.003687,0.079223
0.003688,0.079381
0.003689,0.079529
0.00369,0.079666
0.003691,0.079792
0.003692,0.079907
0.003693,0.080011
0.003694,0.080103
0.003695,0.080185
0.003696,0.080255
0.003697,0.080314
0.003698,0.080361
0.003699,0.080398
0.0037,0.080423
0.003701,0.080436
0.003702,0.080439
0.003703,0.08043
0.003704,0.08041
0.003705,0.080378
0.003706,0.080335
0.003707,0.080282
0.003708,0.080217
0.003709,0.080141
0.00371,0.080054
0.003711,0.079957
0.003712,0.079849
0.003713,0.07973
0.003714,0.0796
0.003715,0.079461
0.003716,0.079311
0.003717,0.079151
0.003718,0.07898
0.003719,0.0788
0.00372,0.078611
0.003721,0.078412
0.003722,0.078203
0.003723,0.077985
0.003724,0.077759
0.003725,0.077523
0.003726,0.077279
0.003727,0.077027
0.003728,0.076766
0.003729,0.076497
0.00373,0.076221
0.003731,0.075937
0.003732,0.075646
0.003733,0.075347
0.003734,0.075042
0.003735,0.07473
0.003736,0.074412
0.003737,0.074088
0.003738,0.073758
0.003739,0.073422
0.00374,0.073081
0.003741,0.072735
0.003742,0.072384
0.003743,0.072029
0.003744,0.071669
0.003745,0.071306
0.003746,0.070938
0.003747,0.070568
0.003748,0.070194
0.003749,0.069817
0.00375,0.069438
0.003751,0.069056
0.003752,0.068672
0.003753,0.068287
0.003754,0.0679
0.003755,0.067513
0.003756,0.067124
0.003757,0.066734
0.003758,0.066345
0.003759,0.065955
0.00376,0.065566
0.003761,0.065177
0.003762,0.064789
0.003763,0.064402
0.003764,0.064017
0.003765,0.063633
0.003766,0.063251
0.003767,0.062871
0.003768,0.062494
0.003769,0.06212
0.00377,0.061748
0.003771,0.06138
0.003772,0.061015
0.003773,0.060654
0.003774,0.060297
0.003775,0.059944
0.003776,0.059596
0.003777,0.059252
0.003778,0.058913
0.003779,0.05858
0.00378,0.058252
0.003781,0.057929
0.003782,0.057612
0.003783,0.057301
0.003784,0.056996
0.003785,0.056697
0.003786,0.056406
0.003787,0.05612
0.003788,0.055842
0.003789,0.05557
0.00379,0.055306
0.003791,0.055049
0.003792,0.0548
0.003793,0.054558
0.003794,0.054324
0.003795,0.054098
0.003796,0.05388
0.003797,0.05367
0.003798,0.053468
0.003799,0.053274
0.0038,0.053089
0.003801,0.052912
0.003802,0.052744
0.003803,0.052584
0.003804,0.052433
0.003805,0.052291
0.003806,0.052157
0.003807,0.052032
0.003808,0.051916
0.003809,0.051808
0.00381,0.05171
0.003811,0.05162
0.003812,0.051539
0.003813,0.051467
0.003814,0.051403
0.003815,0.051349
0.003816,0.051303
0.003817,0.051266
0.003818,0.051237
0.003819,0.051217
0.00382,0.051205
0.003821,0.051202
0.003822,0.051207
0.003823,0.051221
0.003824,0.051242
0.003825,0.051272
0.003826,0.05131
0.003827,0.051356
0.003828,0.051409
0.003829,0.05147
0.00383,0.051539
0.003831,0.051615
0.003832,0.051698
0.003833,0.051789
0.003834,0.051886
0.003835,0.05199
0.003836,0.052101
0.003837,0.052218
0.003838,0.052342
0.003839,0.052472
0.00384,0.052607
0.003841,0.052749
0.003842,0.052896
0.003843,0.053049
0.003844,0.053207
0.003845,0.053369
0.003846,0.053537
0.003847,0.05371
0.003848,0.053886
0.003849,0.054067
0.00385,0.054253
0.003851,0.054441
0.003852,0.054634
0.003853,0.05483
0.003854,0.055029
0.003855,0.055231
0.003856,0.055436
0.003857,0.055643
0.003858,0.055853
0.003859,0.056064
0.00386,0.056278
0.003861,0.056493
0.003862,0.05671
0.003863,0.056928
0.003864,0.057147
0.003865,0.057366
0.003866,0.057586
0.003867,0.057807
0.003868,0.058027
0.003869,0.058248
0.00387,0.058468
0.003871,0.058688
0.003872,0.058907
0.003873,0.059125
0.003874,0.059342
0.003875,0.059557
0.003876,0.059771
0.003877,0.059984
0.003878,0.060194
0.003879,0.060402
0.00388,0.060608
0.003881,0.060812
0.003882,0.061012
0.003883,0.06121
0.003884,0.061405
0.003885,0.061597
0.003886,0.061785
0.003887,0.06197
0.003888,0.062151
0.003889,0.062329
0.00389,0.062502
0.003891,0.062671
0.003892,0.062836
0.003893,0.062997
0.003894,0.063153
0.003895,0.063305
0.003896,0.063452
0.003897,0.063594
0.003898,0.063731
0.003899,0.063863
0.0039,0.063989
0.003901,0.064111
0.003902,0.064227
0.003903,0.064338
0.003904,0.064443
0.003905,0.064543
0.003906,0.064637
0.003907,0.064725
0.003908,0.064808
0.003909,0.064885
0.00391,0.064956
0.003911,0.065021
0.003912,0.06508
0.003913,0.065133
0.003914,0.065181
0.003915,0.065222
0.003916,0.065258
0.003917,0.065287
0.003918,0.065311
0.003919,0.065329
0.00392,0.06534
0.003921,0.065346
0.003922,0.065346
0.003923,0.06534
0.003924,0.065328
0.003925,0.065311
0.003926,0.065288
0.003927,0.065259
0.003928,0.065224
0.003929,0.065184
0.00393,0.065138
0.003931,0.065087
0.003932,0.065031
0.003933,0.064969
0.003934,0.064902
0.003935,0.06483
0.003936,0.064753
0.003937,0.064671
0.003938,0.064584
0.003939,0.064493
0.00394,0.064397
0.003941,0.064296
0.003942,0.064191
0.003943,0.064082
0.003944,0.063969
0.003945,0.063852
0.003946,0.063731
0.003947,0.063606
0.003948,0.063477
0.003949,0.063345
0.00395,0.06321
0.003951,0.063071
0.003952,0.06293
0.003953,0.062785
0.003954,0.062638
0.003955,0.062488
0.003956,0.062336
0.003957,0.062181
0.003958,0.062025
0.003959,0.061866
0.00396,0.061706
0.003961,0.061543
0.003962,0.06138
0.003963,0.061215
0.003964,0.061049
0.003965,0.060881
0.003966,0.060713
0.003967,0.060545
0.003968,0.060375
0.003969,0.060206
0.00397,0.060036
0.003971,0.059866
0.003972,0.059696
0.003973,0.059527
0.003974,0.059358
0.003975,0.059189
0.003976,0.059022
0.003977,0.058855
0.003978,0.058689
0.003979,0.058525
0.00398,0.058362
0.003981,0.0582
0.003982,0.05804
0.003983,0.057882
0.003984,0.057726
0.003985,0.057572
0.003986,0.05742
0.003987,0.05727
0.003988,0.057123
0.003989,0.056979
0.00399,0.056838
0.003991,0.056699
0.003992,0.056563
0.003993,0.056431
0.003994,0.056301
0.003995,0.056175
0.003996,0.056053
0.003997,0.055934
0.003998,0.055819
0.003999,0.055707
0.004,0.0556
