0,0.00011277
5e-06,0.00044909
1e-05,0.001003
1.5e-05,0.0017646
2e-05,0.0027206
2.5e-05,0.0038538
3e-05,0.0051442
3.5e-05,0.006569
4e-05,0.0081028
4.5e-05,0.0097185
5e-05,0.011387
5.5e-05,0.01308
6e-05,0.014766
6.5e-05,0.016415
7e-05,0.017999
7.5e-05,0.019489
8e-05,0.020859
8.5e-05,0.022085
9e-05,0.023144
9.5e-05,0.024017
0.0001,0.024691
0.000105,0.025151
0.00011,0.025391
0.000115,0.025406
0.00012,0.025195
0.000125,0.024763
0.00013,0.024117
0.000135,0.023269
0.00014,0.022233
0.000145,0.021029
0.00015,0.019676
0.000155,0.018201
0.00016,0.016628
0.000165,0.014986
0.00017,0.013303
0.000175,0.01161
0.00018,0.0099373
0.000185,0.0083136
0.00019,0.0067681
0.000195,0.0053282
0.0002,0.0040194
0.000205,0.0028651
0.00021,0.0018855
0.000215,0.0010982
0.00022,0.00051698
0.000225,0.00015224
0.00023,1.0418e-05
0.000235,9.402e-05
0.00024,0.00040156
0.000245,0.00092757
0.00025,0.0016627
0.000255,0.002594
0.00026,0.0037049
0.000265,0.0049756
0.00027,0.0063837
0.000275,0.0079041
0.00028,0.00951
0.000285,0.011173
0.00029,0.012863
0.000295,0.01455
0.0003,0.016205
0.000305,0.017798
0.00031,0.019301
0.000315,0.020687
0.00032,0.021932
0.000325,0.023013
0.00033,0.023911
0.000335,0.024611
0.00034,0.025099
0.000345,0.025368
0.00035,0.025412
0.000355,0.025231
0.00036,0.024828
0.000365,0.024209
0.00037,0.023387
0.000375,0.022376
0.00038,0.021194
0.000385,0.019861
0.00039,0.018401
0.000395,0.016841
0.0004,0.015208
0.000405,0.013531
0.00041,0.01184
0.000415,0.010164
0.00042,0.0085343
0.000425,0.006979
0.00043,0.0055257
0.000435,0.0042003
0.00044,0.0030262
0.000445,0.0020243
0.00045,0.0012124
0.000455,0.00060471
0.00046,0.00021215
0.000465,4.1617e-05
0.00047,9.6125e-05
0.000475,0.00037469
0.00048,0.00087237
0.000485,0.0015803
0.00049,0.002486
0.000495,0.0035733
0.0005,0.0048229
0.000505,0.0062128
0.00051,0.0077181
0.000515,0.0093123
0.00052,0.010967
0.000525,0.012653
0.00053,0.01434
0.000535,0.015998
0.00054,0.017599
0.000545,0.019112
0.00055,0.020513
0.000555,0.021775
0.00056,0.022877
0.000565,0.023798
0.00057,0.024523
0.000575,0.025038
0.00058,0.025335
0.000585,0.025408
0.00059,0.025257
0.000595,0.024882
0.0006,0.024293
0.000605,0.023498
0.00061,0.022512
0.000615,0.021352
0.00062,0.02004
0.000625,0.018598
0.00063,0.017053
0.000635,0.015431
0.00064,0.013761
0.000645,0.012073
0.00065,0.010397
0.000655,0.0087635
0.00066,0.0072003
0.000665,0.0057355
0.00067,0.0043952
0.000675,0.003203
0.00068,0.0021802
0.000685,0.0013449
0.00069,0.00071177
0.000695,0.00029215
0.0007,9.3417e-05
0.000705,0.00011908
0.00071,0.00036867
0.000715,0.00083773
0.00072,0.0015179
0.000725,0.0023972
0.00073,0.0034599
0.000735,0.0046872
0.00074,0.0060573
0.000745,0.007546
0.00075,0.0091267
0.000755,0.010771
0.00076,0.012451
0.000765,0.014136
0.00077,0.015796
0.000775,0.017401
0.00078,0.018924
0.000785,0.020337
0.00079,0.021615
0.000795,0.022735
0.0008,0.023679
0.000805,0.024428
0.00081,0.024969
0.000815,0.025294
0.00082,0.025395
0.000825,0.025273
0.00083,0.024928
0.000835,0.024367
0.00084,0.023599
0.000845,0.02264
0.00085,0.021504
0.000855,0.020214
0.00086,0.018791
0.000865,0.017262
0.00087,0.015653
0.000875,0.013992
0.00088,0.01231
0.000885,0.010636
0.00089,0.009
0.000895,0.0074309
0.0009,0.0059565
0.000905,0.004603
0.00091,0.0033945
0.000915,0.0023523
0.00092,0.0014949
0.000925,0.00083753
0.00093,0.00039176
0.000935,0.00016551
0.00094,0.00016275
0.000945,0.00038352
0.00095,0.00082386
0.000955,0.0014759
0.00096,0.0023282
0.000965,0.0033655
0.00097,0.0045694
0.000975,0.0059185
0.00098,0.0073889
0.000985,0.0089546
0.00099,0.010588
0.000995,0.012259
0.001,0.013939
0.001005,0.015599
0.00101,0.017207
0.001015,0.018737
0.00102,0.020161
0.001025,0.021453
0.00103,0.022591
0.001035,0.023554
0.00104,0.024326
0.001045,0.024893
0.00105,0.025244
0.001055,0.025374
0.00106,0.02528
0.001065,0.024964
0.00107,0.024431
0.001075,0.023692
0.00108,0.022759
0.001085,0.021649
0.00109,0.020382
0.001095,0.01898
0.0011,0.017468
0.001105,0.015873
0.00111,0.014224
0.001115,0.012549
0.00112,0.010879
0.001125,0.0092426
0.00113,0.0076695
0.001135,0.0061875
0.00114,0.0048228
0.001145,0.0035996
0.00115,0.0025396
0.001155,0.0016617
0.00116,0.00098125
0.001165,0.00051041
0.00117,0.00025746
0.001175,0.00022688
0.00118,0.00041916
0.001185,0.00083086
0.00119,0.0014547
0.001195,0.0022795
0.0012,0.0032906
0.001205,0.0044702
0.00121,0.0057971
0.001215,0.007248
0.00122,0.0087971
0.001225,0.010417
0.00123,0.012078
0.001235,0.013752
0.00124,0.015409
0.001245,0.017019
0.00125,0.018554
0.001255,0.019986
0.00126,0.021291
0.001265,0.022444
0.00127,0.023426
0.001275,0.02422
0.00128,0.02481
0.001285,0.025187
0.00129,0.025344
0.001295,0.025278
0.0013,0.024991
0.001305,0.024487
0.00131,0.023776
0.001315,0.022871
0.00132,0.021787
0.001325,0.020543
0.00133,0.019163
0.001335,0.01767
0.00134,0.016091
0.001345,0.014455
0.00135,0.012789
0.001355,0.011124
0.00136,0.00949
0.001365,0.007915
0.00137,0.0064272
0.001375,0.0050532
0.00138,0.0038172
0.001385,0.0027411
0.00139,0.0018442
0.001395,0.0011421
0.0014,0.00064737
0.001405,0.00036872
0.00141,0.00031106
0.001415,0.00047537
0.00142,0.0008587
0.001425,0.0014542
0.00143,0.0022513
0.001435,0.0032358
0.00144,0.0043903
0.001445,0.0056942
0.00145,0.0071244
0.001455,0.0086554
0.00146,0.01026
0.001465,0.01191
0.00147,0.013576
0.001475,0.015229
0.00148,0.016838
0.001485,0.018376
0.00149,0.019815
0.001495,0.02113
0.0015,0.022297
0.001505,0.023296
0.00151,0.02411
0.001515,0.024722
0.00152,0.025124
0.001525,0.025307
0.00153,0.025269
0.001535,0.02501
0.00154,0.024535
0.001545,0.023852
0.00155,0.022974
0.001555,0.021917
0.00156,0.020698
0.001565,0.01934
0.00157,0.017868
0.001575,0.016306
0.00158,0.014684
0.001585,0.013029
0.00159,0.011372
0.001595,0.0097412
0.0016,0.0081661
0.001605,0.0066746
0.00161,0.005293
0.001615,0.0040461
0.00162,0.0029557
0.001625,0.0020414
0.00163,0.0013191
0.001635,0.00080184
0.00164,0.00049861
0.001645,0.00041478
0.00165,0.0005518
0.001655,0.0009072
0.00166,0.0014746
0.001665,0.002244
0.00167,0.0032016
0.001675,0.0043305
0.00168,0.0056105
0.001685,0.0070189
0.00169,0.0085308
0.001695,0.010119
0.0017,0.011756
0.001705,0.013413
0.00171,0.015059
0.001715,0.016666
0.00172,0.018205
0.001725,0.019649
0.00173,0.020973
0.001735,0.022152
0.00174,0.023166
0.001745,0.023998
0.00175,0.024631
0.001755,0.025056
0.00176,0.025265
0.001765,0.025253
0.00177,0.025022
0.001775,0.024575
0.00178,0.02392
0.001785,0.02307
0.00179,0.022039
0.001795,0.020846
0.0018,0.019512
0.001805,0.018061
0.00181,0.016518
0.001815,0.014911
0.00182,0.013269
0.001825,0.01162
0.00183,0.0099952
0.001835,0.0084218
0.00184,0.0069283
0.001845,0.0055412
0.00185,0.0042851
0.001855,0.0031822
0.00186,0.0022521
0.001865,0.0015113
0.00187,0.00097289
0.001875,0.00064633
0.00188,0.00053741
0.001885,0.000648
0.00189,0.00097611
0.001895,0.0015159
0.0019,0.0022576
0.001905,0.0031883
0.00191,0.0042912
0.001915,0.0055468
0.00192,0.0069327
0.001925,0.0084245
0.00193,0.0099955
0.001935,0.011618
0.00194,0.013263
0.001945,0.014901
0.00195,0.016504
0.001955,0.018043
0.00196,0.01949
0.001965,0.020821
0.00197,0.02201
0.001975,0.023038
0.00198,0.023886
0.001985,0.024539
0.00199,0.024986
0.001995,0.025218
0.002,0.025232
0.002005,0.025028
0.00201,0.024608
0.002015,0.023982
0.00202,0.023159
0.002025,0.022155
0.00203,0.020988
0.002035,0.019678
0.00204,0.018248
0.002045,0.016725
0.00205,0.015135
0.002055,0.013507
0.00206,0.011869
0.002065,0.010251
0.00207,0.0086809
0.002075,0.0071873
0.00208,0.0057964
0.002085,0.0045329
0.00209,0.0034193
0.002095,0.0024753
0.0021,0.0017175
0.002105,0.0011595
0.00211,0.00081099
0.002115,0.00067819
0.00212,0.00076338
0.002125,0.001065
0.00213,0.0015777
0.002135,0.0022923
0.00214,0.003196
0.002145,0.0042729
0.00215,0.0055038
0.002155,0.0068667
0.00216,0.0083375
0.002165,0.0098901
0.00217,0.011497
0.002175,0.013129
0.00218,0.014759
0.002185,0.016356
0.00219,0.017892
0.002195,0.019341
0.0022,0.020676
0.002205,0.021874
0.00221,0.022914
0.002215,0.023777
0.00222,0.024448
0.002225,0.024915
0.00223,0.02517
0.002235,0.025208
0.00224,0.02503
0.002245,0.024637
0.00225,0.024038
0.002255,0.023242
0.00226,0.022265
0.002265,0.021123
0.00227,0.019838
0.002275,0.018431
0.00228,0.016928
0.002285,0.015356
0.00229,0.013743
0.002295,0.012117
0.0023,0.010507
0.002305,0.0089423
0.00231,0.0074502
0.002315,0.0060573
0.00232,0.0047884
0.002325,0.0036658
0.00233,0.0027096
0.002335,0.0019366
0.00234,0.0013605
0.002345,0.00099159
0.00235,0.00083627
0.002355,0.00089728
0.00236,0.0011735
0.002365,0.0016599
0.00237,0.0023479
0.002375,0.0032252
0.00238,0.0042762
0.002385,0.0054822
0.00239,0.0068218
0.002395,0.0082712
0.0024,0.0098047
0.002405,0.011395
0.00241,0.013014
0.002415,0.014632
0.00242,0.016222
0.002425,0.017755
0.00243,0.019203
0.002435,0.020542
0.00244,0.021747
0.002445,0.022797
0.00245,0.023673
0.002455,0.02436
0.00246,0.024846
0.002465,0.025122
0.00247,0.025183
0.002475,0.025029
0.00248,0.024662
0.002485,0.02409
0.00249,0.023321
0.002495,0.02237
0.0025,0.021254
0.002505,0.019993
0.00251,0.018609
0.002515,0.017127
0.00252,0.015573
0.002525,0.013976
0.00253,0.012363
0.002535,0.010763
0.00254,0.009205
0.002545,0.007716
0.00255,0.0063228
0.002555,0.00505
0.00256,0.0039202
0.002565,0.0029536
0.00257,0.0021671
0.002575,0.0015748
0.00258,0.001187
0.002585,0.0010107
0.00259,0.0010489
0.002595,0.0013009
0.0026,0.0017622
0.002605,0.0024245
0.00261,0.003276
0.002615,0.0043015
0.00262,0.005483
0.002625,0.0067992
0.00263,0.0082269
0.002635,0.0097407
0.00264,0.011314
0.002645,0.012918
0.00265,0.014525
0.002655,0.016106
0.00266,0.017634
0.002665,0.019081
0.00267,0.020421
0.002675,0.021631
0.00268,0.022689
0.002685,0.023576
0.00269,0.024278
0.002695,0.024781
0.0027,0.025077
0.002705,0.02516
0.00271,0.025029
0.002715,0.024686
0.00272,0.024139
0.002725,0.023396
0.00273,0.022471
0.002735,0.02138
0.00274,0.020143
0.002745,0.018782
0.00275,0.017321
0.002755,0.015787
0.00276,0.014206
0.002765,0.012607
0.00277,0.011018
0.002775,0.0094677
0.00278,0.0079833
0.002785,0.0065913
0.00279,0.0053164
0.002795,0.0041812
0.0028,0.0032059
0.002805,0.0024078
0.00281,0.001801
0.002815,0.0013962
0.00282,0.0012006
0.002825,0.0012176
0.00283,0.0014468
0.002835,0.0018842
0.00284,0.0025219
0.002845,0.0033486
0.00285,0.0043495
0.002855,0.0055069
0.00286,0.0068001
0.002865,0.0082062
0.00287,0.0097001
0.002875,0.011255
0.00288,0.012845
0.002885,0.014439
0.00289,0.016011
0.002895,0.017532
0.0029,0.018976
0.002905,0.020316
0.00291,0.021529
0.002915,0.022594
0.00292,0.023491
0.002925,0.024205
0.00293,0.024724
0.002935,0.025037
0.00294,0.02514
0.002945,0.025031
0.00295,0.024711
0.002955,0.024188
0.00296,0.023469
0.002965,0.022569
0.00297,0.021502
0.002975,0.020289
0.00298,0.018951
0.002985,0.017511
0.00299,0.015996
0.002995,0.014432
0.003,0.012848
0.003005,0.011271
0.00301,0.0097293
0.003015,0.0082508
0.00302,0.0068614
0.003025,0.005586
0.00303,0.0044471
0.003035,0.003465
0.00304,0.0026571
0.003045,0.0020377
0.00305,0.0016178
0.003055,0.0014048
0.00306,0.0014025
0.003065,0.0016107
0.00307,0.0020259
0.003075,0.0026405
0.00308,0.0034436
0.003085,0.0044209
0.00309,0.0055551
0.003095,0.0068259
0.0031,0.0082108
0.003105,0.0096852
0.00311,0.011223
0.003115,0.012796
0.00312,0.014378
0.003125,0.015939
0.00313,0.017453
0.003135,0.018892
0.00314,0.020231
0.003145,0.021446
0.00315,0.022516
0.003155,0.023421
0.00316,0.024146
0.003165,0.024677
0.00317,0.025007
0.003175,0.025127
0.00318,0.025038
0.003185,0.02474
0.00319,0.024239
0.003195,0.023543
0.0032,0.022666
0.003205,0.021623
0.00321,0.020433
0.003215,0.019116
0.00322,0.017697
0.003225,0.016201
0.00323,0.014655
0.003235,0.013085
0.00324,0.01152
0.003245,0.0099886
0.00325,0.0085169
0.003255,0.0071316
0.00326,0.0058571
0.003265,0.0047162
0.00327,0.0037292
0.003275,0.0029135
0.00328,0.0022836
0.003285,0.0018507
0.00329,0.0016224
0.003295,0.0016028
0.0033,0.0017921
0.003305,0.002187
0.00331,0.0027804
0.003315,0.0035617
0.00332,0.004517
0.003325,0.0056293
0.00333,0.0068788
0.003335,0.0082433
0.00334,0.0096986
0.003345,0.011219
0.00335,0.012777
0.003355,0.014345
0.00336,0.015896
0.003365,0.017401
0.00337,0.018835
0.003375,0.020171
0.00338,0.021386
0.003385,0.022459
0.00339,0.02337
0.003395,0.024104
0.0034,0.024647
0.003405,0.024989
0.00341,0.025126
0.003415,0.025054
0.00342,0.024775
0.003425,0.024294
0.00343,0.02362
0.003435,0.022764
0.00344,0.021743
0.003445,0.020574
0.00345,0.019278
0.003455,0.017879
0.00346,0.016402
0.003465,0.014872
0.00347,0.013317
0.003475,0.011765
0.00348,0.010244
0.003485,0.0087801
0.00349,0.0073999
0.003495,0.0061279
0.0035,0.0049868
0.003505,0.0039967
0.00351,0.0031753
0.003515,0.0025372
0.00352,0.0020937
0.003525,0.0018526
0.00353,0.0018181
0.003535,0.001991
0.00354,0.002368
0.003545,0.0029425
0.00355,0.0037041
0.003555,0.0046394
0.00356,0.0057316
0.003565,0.0069614
0.00357,0.0083069
0.003575,0.0097442
0.00358,0.011248
0.003585,0.012791
0.00359,0.014346
0.003595,0.015885
0.0036,0.017382
0.003605,0.018809
0.00361,0.020141
0.003615,0.021355
0.00362,0.022429
0.003625,0.023345
0.00363,0.024084
0.003635,0.024636
0.00364,0.02499
0.003645,0.02514
0.00365,0.025083
0.003655,0.02482
0.00366,0.024357
0.003665,0.023701
0.00367,0.022865
0.003675,0.021863
0.00368,0.020714
0.003685,0.019437
0.00369,0.018057
0.003695,0.016596
0.0037,0.015083
0.003705,0.013543
0.00371,0.012004
0.003715,0.010493
0.00372,0.0090381
0.003725,0.0076643
0.00373,0.0063963
0.003735,0.0052566
0.00374,0.0042656
0.003745,0.0034409
0.00375,0.0027971
0.003755,0.0023456
0.00376,0.0020946
0.003765,0.0020483
0.00377,0.0022077
0.003775,0.0025698
0.00378,0.0031283
0.003785,0.0038731
0.00379,0.0047909
0.003795,0.0058655
0.0038,0.0070778
0.003805,0.0084061
0.00381,0.0098269
0.003815,0.011315
0.00382,0.012843
0.003825,0.014386
0.00383,0.015914
0.003835,0.017401
0.00384,0.018821
0.003845,0.020149
0.00385,0.02136
0.003855,0.022433
0.00386,0.02335
0.003865,0.024094
0.00387,0.024652
0.003875,0.025013
0.00388,0.025173
0.003885,0.025128
0.00389,0.024878
0.003895,0.02443
0.0039,0.02379
0.003905,0.02297
0.00391,0.021985
0.003915,0.020852
0.00392,0.019593
0.003925,0.018229
0.00393,0.016785
0.003935,0.015286
0.00394,0.01376
0.003945,0.012234
0.00395,0.010734
0.003955,0.0092884
0.00396,0.007922
0.003965,0.0066596
0.00397,0.0055234
0.003975,0.0045338
0.00398,0.0037085
0.003985,0.003062
0.00399,0.0026059
0.003995,0.0023484
0.004,0.0022939
0.004005,0.0024435
0.00401,0.0027945
0.004015,0.0033406
0.00402,0.004072
0.004025,0.0049759
0.00403,0.006036
0.004035,0.0072336
0.00404,0.0085472
0.004045,0.0099536
0.00405,0.011428
0.004055,0.012943
0.00406,0.014473
0.004065,0.015991
0.00407,0.017469
0.004075,0.018881
0.00408,0.020202
0.004085,0.021408
0.00409,0.022479
0.004095,0.023394
0.0041,0.024139
0.004105,0.0247
0.00411,0.025066
0.004115,0.025232
0.00412,0.025194
0.004125,0.024954
0.00413,0.024516
0.004135,0.023887
0.00414,0.02308
0.004145,0.022108
0.00415,0.02099
0.004155,0.019744
0.00416,0.018394
0.004165,0.016964
0.00417,0.015479
0.004175,0.013966
0.00418,0.012452
0.004185,0.010963
0.00419,0.0095275
0.004195,0.0081699
0.0042,0.0069148
0.004205,0.0057845
0.00421,0.0047992
0.004215,0.0039765
0.00422,0.0033311
0.004225,0.0028745
0.00423,0.0026148
0.004235,0.0025567
0.00424,0.0027011
0.004245,0.0030456
0.00425,0.003584
0.004255,0.0043068
0.00426,0.0052009
0.004265,0.0062506
0.00427,0.0074371
0.004275,0.0087394
0.00428,0.010134
0.004285,0.011597
0.00429,0.013101
0.004295,0.01462
0.0043,0.016127
0.004305,0.017595
0.00431,0.018998
0.004315,0.020311
0.00432,0.02151
0.004325,0.022575
0.00433,0.023487
0.004335,0.024228
0.00434,0.024787
0.004345,0.025154
0.00435,0.025321
0.004355,0.025286
0.00436,0.02505
0.004365,0.024617
0.00437,0.023995
0.004375,0.023195
0.00438,0.022232
0.004385,0.021123
0.00439,0.019888
0.004395,0.018549
0.0044,0.01713
0.004405,0.015657
0.00441,0.014155
0.004415,0.012653
0.00442,0.011176
0.004425,0.0097508
0.00443,0.0084037
0.004435,0.0071583
0.00444,0.006037
0.004445,0.0050598
0.00445,0.0042441
0.004455,0.0036046
0.00446,0.0031527
0.004465,0.0028965
0.00447,0.0028405
0.004475,0.0029859
0.00448,0.0033299
0.004485,0.0038666
0.00449,0.0045864
0.004495,0.0054764
0.0045,0.0065208
0.004505,0.0077009
0.00451,0.0089959
0.004515,0.010382
0.00452,0.011836
0.004525,0.013331
0.00453,0.01484
0.004535,0.016337
0.00454,0.017794
0.004545,0.019187
0.00455,0.02049
0.004555,0.021679
0.00456,0.022735
0.004565,0.023637
0.00457,0.024371
0.004575,0.024923
0.00458,0.025283
0.004585,0.025445
0.00459,0.025406
0.004595,0.025168
0.0046,0.024733
0.004605,0.024112
0.00461,0.023314
0.004615,0.022353
0.00462,0.021249
0.004625,0.020019
0.00463,0.018687
0.004635,0.017276
0.00464,0.015812
0.004645,0.014321
0.00465,0.01283
0.004655,0.011365
0.00466,0.0099524
0.004665,0.0086183
0.00467,0.0073862
0.004675,0.0062782
0.00468,0.0053142
0.004685,0.0045114
0.00469,0.0038843
0.004695,0.0034442
0.0047,0.0031989
0.004705,0.0031528
0.00471,0.0033069
0.004715,0.0036584
0.00472,0.0042011
0.004725,0.0049253
0.00473,0.0058181
0.004735,0.0068635
0.00474,0.0080431
0.004745,0.0093356
0.00475,0.010718
0.004755,0.012166
0.00476,0.013653
0.004765,0.015153
0.00477,0.016639
0.004775,0.018085
0.00478,0.019465
0.004785,0.020754
0.00479,0.021929
0.004795,0.02297
0.0048,0.023857
0.004805,0.024576
0.00481,0.025113
0.004815,0.025458
0.00482,0.025607
0.004825,0.025556
0.00483,0.025306
0.004835,0.024862
0.00484,0.024232
0.004845,0.023427
0.00485,0.022463
0.004855,0.021356
0.00486,0.020127
0.004865,0.018798
0.00487,0.017392
0.004875,0.015935
0.00488,0.014453
0.004885,0.012973
0.00489,0.011522
0.004895,0.010125
0.0049,0.0088078
0.004905,0.0075943
0.00491,0.0065061
0.004915,0.0055627
0.00492,0.0047812
0.004925,0.0041756
0.00493,0.0037568
0.004935,0.0035325
0.00494,0.0035066
0.004945,0.0036797
0.00495,0.0040488
0.004955,0.0046073
0.00496,0.0053452
0.004965,0.0062494
0.00497,0.0073037
0.004975,0.0084893
0.00498,0.009785
0.004985,0.011168
0.00499,0.012612
0.004995,0.014094
0.005,0.015585
0.005005,0.017059
0.00501,0.01849
0.005015,0.019853
0.00502,0.021122
0.005025,0.022276
0.00503,0.023294
0.005035,0.024157
0.00504,0.02485
0.005045,0.025361
0.00505,0.025681
0.005055,0.025805
0.00506,0.025729
0.005065,0.025457
0.00507,0.024992
0.005075,0.024343
0.00508,0.023523
0.005085,0.022546
0.00509,0.02143
0.005095,0.020195
0.0051,0.018863
0.005105,0.017459
0.00511,0.016007
0.005115,0.014535
0.00512,0.013069
0.005125,0.011635
0.00513,0.010259
0.005135,0.0089661
0.00514,0.0077796
0.005145,0.0067209
0.00515,0.0058091
0.005155,0.0050607
0.00516,0.0044893
0.005165,0.0041052
0.00517,0.0039153
0.005175,0.0039232
0.00518,0.0041288
0.005185,0.0045284
0.00519,0.0051149
0.005195,0.0058779
0.0052,0.0068036
0.005205,0.0078756
0.00521,0.0090745
0.005215,0.010379
0.00522,0.011765
0.005225,0.013209
0.00523,0.014684
0.005235,0.016164
0.00524,0.017623
0.005245,0.019033
0.00525,0.020371
0.005255,0.021611
0.00526,0.022733
0.005265,0.023715
0.00527,0.02454
0.005275,0.025194
0.00528,0.025664
0.005285,0.025943
0.00529,0.026026
0.005295,0.025912
0.0053,0.025602
0.005305,0.025103
0.00531,0.024423
0.005315,0.023576
0.00532,0.022576
0.005325,0.021442
0.00533,0.020195
0.005335,0.018857
0.00534,0.017453
0.005345,0.016008
0.00535,0.014549
0.005355,0.013101
0.00536,0.011692
0.005365,0.010346
0.00537,0.0090885
0.005375,0.0079421
0.00538,0.0069275
0.005385,0.0060632
0.00539,0.0053648
0.005395,0.0048451
0.0054,0.0045134
0.005405,0.004376
0.00541,0.0044352
0.005415,0.0046902
0.00542,0.0051363
0.005425,0.0057655
0.00543,0.0065667
0.005435,0.0075252
0.00544,0.008624
0.005445,0.0098432
0.00545,0.011161
0.005455,0.012553
0.00546,0.013995
0.005465,0.015461
0.00547,0.016924
0.005475,0.018358
0.00548,0.019737
0.005485,0.021036
0.00549,0.022233
0.005495,0.023305
0.0055,0.024233
0.005505,0.025001
0.00551,0.025595
0.005515,0.026005
0.00552,0.026223
0.005525,0.026246
0.00553,0.026073
0.005535,0.025708
0.00554,0.025158
0.005545,0.024433
0.00555,0.023546
0.005555,0.022514
0.00556,0.021355
0.005565,0.020092
0.00557,0.018746
0.005575,0.017344
0.00558,0.015909
0.005585,0.01447
0.00559,0.013051
0.005595,0.011679
0.0056,0.010379
0.005605,0.0091751
0.00561,0.0080883
0.005615,0.007139
0.00562,0.0063444
0.005625,0.0057191
0.00563,0.0052744
0.005635,0.0050186
0.00564,0.0049562
0.005645,0.0050886
0.00565,0.0054132
0.005655,0.0059243
0.00566,0.0066125
0.005665,0.0074655
0.00567,0.0084678
0.005675,0.0096012
0.00568,0.010845
0.005685,0.012177
0.00569,0.013573
0.005695,0.015008
0.0057,0.016455
0.005705,0.017888
0.00571,0.019282
0.005715,0.020612
0.00572,0.021853
0.005725,0.022983
0.00573,0.023981
0.005735,0.02483
0.00574,0.025515
0.005745,0.026023
0.00575,0.026346
0.005755,0.026477
0.00576,0.026415
0.005765,0.026161
0.00577,0.02572
0.005775,0.025101
0.00578,0.024316
0.005785,0.023378
0.00579,0.022305
0.005795,0.021117
0.0058,0.019837
0.005805,0.018487
0.00581,0.017093
0.005815,0.015681
0.00582,0.014276
0.005825,0.012904
0.00583,0.01159
0.005835,0.01036
0.00584,0.0092345
0.005845,0.008235
0.00585,0.0073799
0.005855,0.0066847
0.00586,0.0061623
0.005865,0.0058221
0.00587,0.0056705
0.005875,0.0057101
0.00588,0.0059403
0.005885,0.0063568
0.00589,0.0069521
0.005895,0.0077151
0.0059,0.0086319
0.005905,0.0096858
0.00591,0.010857
0.005915,0.012126
0.00592,0.013467
0.005925,0.014857
0.00593,0.01627
0.005935,0.017681
0.00594,0.019064
0.005945,0.020394
0.00595,0.021646
0.005955,0.022799
0.00596,0.02383
0.005965,0.024722
0.00597,0.025459
0.005975,0.026026
0.00598,0.026415
0.005985,0.026619
0.00599,0.026633
0.005995,0.026459
0.006,0.0261
0.006005,0.025563
0.00601,0.024859
0.006015,0.024
0.00602,0.023002
0.006025,0.021886
0.00603,0.02067
0.006035,0.019379
0.00604,0.018037
0.006045,0.016667
0.00605,0.015296
0.006055,0.01395
0.00606,0.012652
0.006065,0.011428
0.00607,0.0103
0.006075,0.0092885
0.00608,0.0084125
0.006085,0.0076881
0.00609,0.0071286
0.006095,0.0067443
0.0061,0.0065423
0.006105,0.0065263
0.00611,0.0066963
0.006115,0.0070493
0.00612,0.0075785
0.006125,0.0082742
0.00613,0.0091235
0.006135,0.01011
0.00614,0.011217
0.006145,0.012423
0.00615,0.013705
0.006155,0.015041
0.00616,0.016405
0.006165,0.017773
0.00617,0.01912
0.006175,0.02042
0.00618,0.02165
0.006185,0.022787
0.00619,0.023812
0.006195,0.024704
0.0062,0.025449
0.006205,0.026033
0.00621,0.026444
0.006215,0.026677
0.00622,0.026728
0.006225,0.026596
0.00623,0.026283
0.006235,0.025797
0.00624,0.025146
0.006245,0.024344
0.00625,0.023406
0.006255,0.022349
0.00626,0.021194
0.006265,0.019963
0.00627,0.018678
0.006275,0.017364
0.00628,0.016046
0.006285,0.014748
0.00629,0.013494
0.006295,0.012309
0.0063,0.011214
0.006305,0.01023
0.00631,0.0093741
0.006315,0.0086635
0.00632,0.0081108
0.006325,0.0077263
0.00633,0.0075169
0.006335,0.0074865
0.00634,0.0076354
0.006345,0.0079606
0.00635,0.0084559
0.006355,0.0091119
0.00636,0.0099163
0.006365,0.010854
0.00637,0.011907
0.006375,0.013056
0.00638,0.014279
0.006385,0.015555
0.00639,0.016858
0.006395,0.018164
0.0064,0.019451
0.006405,0.020693
0.00641,0.021867
0.006415,0.022953
0.00642,0.02393
0.006425,0.02478
0.00643,0.025489
0.006435,0.026042
0.00644,0.026431
0.006445,0.026649
0.00645,0.026691
0.006455,0.026559
0.00646,0.026254
0.006465,0.025784
0.00647,0.025157
0.006475,0.024386
0.00648,0.023486
0.006485,0.022474
0.00649,0.02137
0.006495,0.020194
0.0065,0.01897
0.006505,0.01772
0.00651,0.016469
0.006515,0.015239
0.00652,0.014055
0.006525,0.012938
0.00653,0.01191
0.006535,0.010989
0.00654,0.010194
0.006545,0.0095382
0.00655,0.0090348
0.006555,0.0086928
0.00656,0.0085183
0.006565,0.0085144
0.00657,0.008681
0.006575,0.0090146
0.00658,0.0095087
0.006585,0.010154
0.00659,0.010937
0.006595,0.011844
0.0066,0.012858
0.006605,0.013959
0.00661,0.015126
0.006615,0.016337
0.00662,0.017569
0.006625,0.018801
0.00663,0.020007
0.006635,0.021166
0.00664,0.022256
0.006645,0.023257
0.00665,0.024151
0.006655,0.02492
0.00666,0.025552
0.006665,0.026033
0.00667,0.026357
0.006675,0.026517
0.00668,0.026511
0.006685,0.026339
0.00669,0.026006
0.006695,0.025518
0.0067,0.024885
0.006705,0.02412
0.00671,0.023237
0.006715,0.022254
0.00672,0.02119
0.006725,0.020065
0.00673,0.018901
0.006735,0.01772
0.00674,0.016545
0.006745,0.015399
0.00675,0.014302
0.006755,0.013277
0.00676,0.012342
0.006765,0.011515
0.00677,0.010811
0.006775,0.010245
0.00678,0.0098252
0.006785,0.0095608
0.00679,0.0094562
0.006795,0.0095129
0.0068,0.0097296
0.006805,0.010102
0.00681,0.010622
0.006815,0.011281
0.00682,0.012064
0.006825,0.012958
0.00683,0.013944
0.006835,0.015004
0.00684,0.016118
0.006845,0.017265
0.00685,0.018422
0.006855,0.019568
0.00686,0.02068
0.006865,0.021739
0.00687,0.022724
0.006875,0.023616
0.00688,0.0244
0.006885,0.02506
0.00689,0.025584
0.006895,0.025963
0.0069,0.026191
0.006905,0.026262
0.00691,0.026177
0.006915,0.025937
0.00692,0.025548
0.006925,0.025018
0.00693,0.024356
0.006935,0.023577
0.00694,0.022695
0.006945,0.021728
0.00695,0.020694
0.006955,0.019614
0.00696,0.018508
0.006965,0.017397
0.00697,0.016304
0.006975,0.015248
0.00698,0.014251
0.006985,0.01333
0.00699,0.012504
0.006995,0.011788
0.007,0.011196
0.007005,0.010738
0.00701,0.010423
0.007015,0.010258
0.00702,0.010244
0.007025,0.010381
0.00703,0.010668
0.007035,0.011097
0.00704,0.01166
0.007045,0.012346
0.00705,0.013142
0.007055,0.014032
0.00706,0.015
0.007065,0.016025
0.00707,0.017089
0.007075,0.018172
0.00708,0.019251
0.007085,0.020308
0.00709,0.021321
0.007095,0.022271
0.0071,0.023141
0.007105,0.023915
0.00711,0.024576
0.007115,0.025114
0.00712,0.025518
0.007125,0.02578
0.00713,0.025897
0.007135,0.025867
0.00714,0.025689
0.007145,0.025369
0.00715,0.024912
0.007155,0.024328
0.00716,0.023628
0.007165,0.022826
0.00717,0.021938
0.007175,0.02098
0.00718,0.019972
0.007185,0.018932
0.00719,0.017882
0.007195,0.01684
0.0072,0.015828
0.007205,0.014864
0.00721,0.013966
0.007215,0.013152
0.00722,0.012438
0.007225,0.011835
0.00723,0.011357
0.007235,0.011012
0.00724,0.010805
0.007245,0.010741
0.00725,0.010821
0.007255,0.011042
0.00726,0.0114
0.007265,0.011888
0.00727,0.012496
0.007275,0.013212
0.00728,0.014022
0.007285,0.01491
0.00729,0.015859
0.007295,0.016851
0.0073,0.017867
0.007305,0.018886
0.00731,0.019891
0.007315,0.02086
0.00732,0.021776
0.007325,0.022621
0.00733,0.023379
0.007335,0.024037
0.00734,0.024581
0.007345,0.025001
0.00735,0.025289
0.007355,0.025441
0.00736,0.025453
0.007365,0.025326
0.00737,0.025063
0.007375,0.024667
0.00738,0.024148
0.007385,0.023516
0.00739,0.022782
0.007395,0.021962
0.0074,0.02107
0.007405,0.020124
0.00741,0.019143
0.007415,0.018144
0.00742,0.017147
0.007425,0.016171
0.00743,0.015235
0.007435,0.014356
0.00744,0.013552
0.007445,0.012836
0.00745,0.012222
0.007455,0.011723
0.00746,0.011346
0.007465,0.011099
0.00747,0.010987
0.007475,0.011011
0.00748,0.011169
0.007485,0.01146
0.00749,0.011876
0.007495,0.012409
0.0075,0.01305
0.007505,0.013785
0.00751,0.014599
0.007515,0.015478
0.00752,0.016404
0.007525,0.01736
0.00753,0.018326
0.007535,0.019285
0.00754,0.020218
0.007545,0.021107
0.00755,0.021935
0.007555,0.022687
0.00756,0.023348
0.007565,0.023906
0.00757,0.02435
0.007575,0.024673
0.00758,0.024867
0.007585,0.02493
0.00759,0.02486
0.007595,0.024659
0.0076,0.024331
0.007605,0.023882
0.00761,0.023321
0.007615,0.022659
0.00762,0.021909
0.007625,0.021084
0.00763,0.020201
0.007635,0.019275
0.00764,0.018326
0.007645,0.017371
0.00765,0.016427
0.007655,0.015513
0.00766,0.014646
0.007665,0.013842
0.00767,0.013115
0.007675,0.01248
0.00768,0.011949
0.007685,0.01153
0.00769,0.011231
0.007695,0.011058
0.0077,0.011014
0.007705,0.011098
0.00771,0.011309
0.007715,0.011643
0.00772,0.012092
0.007725,0.012648
0.00773,0.013299
0.007735,0.014034
0.00774,0.014837
0.007745,0.015694
0.00775,0.016588
0.007755,0.017501
0.00776,0.018417
0.007765,0.019317
0.00777,0.020185
0.007775,0.021005
0.00778,0.02176
0.007785,0.022436
0.00779,0.023021
0.007795,0.023504
0.0078,0.023876
0.007805,0.024129
0.00781,0.02426
0.007815,0.024265
0.00782,0.024145
0.007825,0.023902
0.00783,0.023541
0.007835,0.023069
0.00784,0.022494
0.007845,0.021828
0.00785,0.021084
0.007855,0.020275
0.00786,0.019416
0.007865,0.018524
0.00787,0.017615
0.007875,0.016706
0.00788,0.015815
0.007885,0.014957
0.00789,0.014149
0.007895,0.013406
0.0079,0.012741
0.007905,0.012166
0.00791,0.011691
0.007915,0.011326
0.00792,0.011076
0.007925,0.010947
0.00793,0.010938
0.007935,0.011052
0.00794,0.011284
0.007945,0.011629
0.00795,0.012082
0.007955,0.012633
0.00796,0.013271
0.007965,0.013984
0.00797,0.014758
0.007975,0.015578
0.00798,0.016429
0.007985,0.017295
0.00799,0.018159
0.007995,0.019004
0.008,0.019815
