0,7.0365e-10
5e-06,2.8137e-09
1e-05,6.3273e-09
1.5e-05,1.124e-08
2e-05,1.7546e-08
2.5e-05,2.5237e-08
3e-05,3.4305e-08
3.5e-05,4.4739e-08
4e-05,5.653e-08
4.5e-05,6.9666e-08
5e-05,8.4135e-08
5.5e-05,9.9928e-08
6e-05,1.1703e-07
6.5e-05,1.3544e-07
7e-05,1.5514e-07
7.5e-05,1.7613e-07
8e-05,1.9841e-07
8.5e-05,2.2195e-07
9e-05,2.4678e-07
9.5e-05,2.7288e-07
0.0001,3.0026e-07
0.000105,3.2892e-07
0.00011,3.5888e-07
0.000115,3.9013e-07
0.00012,4.2269e-07
0.000125,4.5657e-07
0.00013,4.9179e-07
0.000135,5.2836e-07
0.00014,5.6629e-07
0.000145,6.0561e-07
0.00015,6.4633e-07
0.000155,6.8846e-07
0.00016,7.3203e-07
0.000165,7.7704e-07
0.00017,8.2352e-07
0.000175,8.7147e-07
0.00018,9.209e-07
0.000185,9.7183e-07
0.00019,1.0243e-06
0.000195,1.0782e-06
0.0002,1.1336e-06
0.000205,1.1906e-06
0.00021,1.249e-06
0.000215,1.3089e-06
0.00022,1.3703e-06
0.000225,1.4331e-06
0.00023,1.4974e-06
0.000235,1.5631e-06
0.00024,1.6302e-06
0.000245,1.6987e-06
0.00025,1.7685e-06
0.000255,1.8396e-06
0.00026,1.9121e-06
0.000265,1.9858e-06
0.00027,2.0608e-06
0.000275,2.137e-06
0.00028,2.2144e-06
0.000285,2.293e-06
0.00029,2.3728e-06
0.000295,2.4538e-06
0.0003,2.5359e-06
0.000305,2.6191e-06
0.00031,2.7035e-06
0.000315,2.7891e-06
0.00032,2.8758e-06
0.000325,2.9636e-06
0.00033,3.0527e-06
0.000335,3.1429e-06
0.00034,3.2344e-06
0.000345,3.3272e-06
0.00035,3.4212e-06
0.000355,3.5166e-06
0.00036,3.6132e-06
0.000365,3.7113e-06
0.00037,3.8108e-06
0.000375,3.9118e-06
0.00038,4.0142e-06
0.000385,4.1182e-06
0.00039,4.2237e-06
0.000395,4.3308e-06
0.0004,4.4396e-06
0.000405,4.5499e-06
0.00041,4.6619e-06
0.000415,4.7756e-06
0.00042,4.8909e-06
0.000425,5.0079e-06
0.00043,5.1265e-06
0.000435,5.2469e-06
0.00044,5.3688e-06
0.000445,5.4924e-06
0.00045,5.6176e-06
0.000455,5.7444e-06
0.00046,5.8726e-06
0.000465,6.0024e-06
0.00047,6.1337e-06
0.000475,6.2664e-06
0.00048,6.4004e-06
0.000485,6.5358e-06
0.00049,6.6725e-06
0.000495,6.8104e-06
0.0005,6.9495e-06
0.000505,7.0897e-06
0.00051,7.2311e-06
0.000515,7.3736e-06
0.00052,7.5171e-06
0.000525,7.6616e-06
0.00053,7.8072e-06
0.000535,7.9538e-06
0.00054,8.1014e-06
0.000545,8.25e-06
0.00055,8.3996e-06
0.000555,8.5503e-06
0.00056,8.702e-06
0.000565,8.8549e-06
0.00057,9.0088e-06
0.000575,9.164e-06
0.00058,9.3203e-06
0.000585,9.4779e-06
0.00059,9.6368e-06
0.000595,9.7971e-06
0.0006,9.9589e-06
0.000605,1.0122e-05
0.00061,1.0287e-05
0.000615,1.0453e-05
0.00062,1.0621e-05
0.000625,1.0791e-05
0.00063,1.0962e-05
0.000635,1.1136e-05
0.00064,1.1311e-05
0.000645,1.1488e-05
0.00065,1.1666e-05
0.000655,1.1847e-05
0.00066,1.2029e-05
0.000665,1.2214e-05
0.00067,1.24e-05
0.000675,1.2588e-05
0.00068,1.2777e-05
0.000685,1.2969e-05
0.00069,1.3162e-05
0.000695,1.3357e-05
0.0007,1.3553e-05
0.000705,1.3751e-05
0.00071,1.3951e-05
0.000715,1.4151e-05
0.00072,1.4353e-05
0.000725,1.4557e-05
0.00073,1.4761e-05
0.000735,1.4967e-05
0.00074,1.5174e-05
0.000745,1.5382e-05
0.00075,1.559e-05
0.000755,1.58e-05
0.00076,1.6011e-05
0.000765,1.6222e-05
0.00077,1.6435e-05
0.000775,1.6648e-05
0.00078,1.6862e-05
0.000785,1.7077e-05
0.00079,1.7293e-05
0.000795,1.751e-05
0.0008,1.7728e-05
0.000805,1.7947e-05
0.00081,1.8167e-05
0.000815,1.8389e-05
0.00082,1.8611e-05
0.000825,1.8835e-05
0.00083,1.906e-05
0.000835,1.9287e-05
0.00084,1.9515e-05
0.000845,1.9745e-05
0.00085,1.9977e-05
0.000855,2.021e-05
0.00086,2.0445e-05
0.000865,2.0683e-05
0.00087,2.0922e-05
0.000875,2.1163e-05
0.00088,2.1406e-05
0.000885,2.1651e-05
0.00089,2.1898e-05
0.000895,2.2148e-05
0.0009,2.2399e-05
0.000905,2.2653e-05
0.00091,2.2908e-05
0.000915,2.3165e-05
0.00092,2.3425e-05
0.000925,2.3686e-05
0.00093,2.3949e-05
0.000935,2.4213e-05
0.00094,2.448e-05
0.000945,2.4747e-05
0.00095,2.5017e-05
0.000955,2.5287e-05
0.00096,2.5559e-05
0.000965,2.5832e-05
0.00097,2.6106e-05
0.000975,2.6381e-05
0.00098,2.6658e-05
0.000985,2.6935e-05
0.00099,2.7212e-05
0.000995,2.7491e-05
0.001,2.7771e-05
0.001005,2.8051e-05
0.00101,2.8332e-05
0.001015,2.8613e-05
0.00102,2.8896e-05
0.001025,2.9179e-05
0.00103,2.9463e-05
0.001035,2.9748e-05
0.00104,3.0034e-05
0.001045,3.0321e-05
0.00105,3.0609e-05
0.001055,3.0899e-05
0.00106,3.1189e-05
0.001065,3.1481e-05
0.00107,3.1775e-05
0.001075,3.207e-05
0.00108,3.2367e-05
0.001085,3.2666e-05
0.00109,3.2967e-05
0.001095,3.3269e-05
0.0011,3.3574e-05
0.001105,3.3881e-05
0.00111,3.419e-05
0.001115,3.4502e-05
0.00112,3.4815e-05
0.001125,3.5131e-05
0.00113,3.545e-05
0.001135,3.577e-05
0.00114,3.6093e-05
0.001145,3.6418e-05
0.00115,3.6745e-05
0.001155,3.7074e-05
0.00116,3.7406e-05
0.001165,3.7739e-05
0.00117,3.8074e-05
0.001175,3.8411e-05
0.00118,3.8749e-05
0.001185,3.9089e-05
0.00119,3.9431e-05
0.001195,3.9774e-05
0.0012,4.0118e-05
0.001205,4.0463e-05
0.00121,4.0809e-05
0.001215,4.1155e-05
0.00122,4.1503e-05
0.001225,4.1852e-05
0.00123,4.2201e-05
0.001235,4.2551e-05
0.00124,4.2901e-05
0.001245,4.3252e-05
0.00125,4.3604e-05
0.001255,4.3956e-05
0.00126,4.4309e-05
0.001265,4.4663e-05
0.00127,4.5018e-05
0.001275,4.5373e-05
0.00128,4.573e-05
0.001285,4.6087e-05
0.00129,4.6446e-05
0.001295,4.6806e-05
0.0013,4.7167e-05
0.001305,4.7531e-05
0.00131,4.7895e-05
0.001315,4.8262e-05
0.00132,4.863e-05
0.001325,4.9001e-05
0.00133,4.9374e-05
0.001335,4.9749e-05
0.00134,5.0126e-05
0.001345,5.0506e-05
0.00135,5.0888e-05
0.001355,5.1273e-05
0.00136,5.166e-05
0.001365,5.205e-05
0.00137,5.2442e-05
0.001375,5.2837e-05
0.00138,5.3235e-05
0.001385,5.3634e-05
0.00139,5.4037e-05
0.001395,5.4441e-05
0.0014,5.4847e-05
0.001405,5.5256e-05
0.00141,5.5666e-05
0.001415,5.6078e-05
0.00142,5.6492e-05
0.001425,5.6908e-05
0.00143,5.7324e-05
0.001435,5.7742e-05
0.00144,5.8161e-05
0.001445,5.8581e-05
0.00145,5.9002e-05
0.001455,5.9423e-05
0.00146,5.9846e-05
0.001465,6.0269e-05
0.00147,6.0692e-05
0.001475,6.1116e-05
0.00148,6.154e-05
0.001485,6.1965e-05
0.00149,6.2391e-05
0.001495,6.2817e-05
0.0015,6.3244e-05
0.001505,6.3671e-05
0.00151,6.4099e-05
0.001515,6.4529e-05
0.00152,6.4959e-05
0.001525,6.539e-05
0.00153,6.5823e-05
0.001535,6.6257e-05
0.00154,6.6693e-05
0.001545,6.713e-05
0.00155,6.757e-05
0.001555,6.8011e-05
0.00156,6.8455e-05
0.001565,6.8901e-05
0.00157,6.9349e-05
0.001575,6.98e-05
0.00158,7.0254e-05
0.001585,7.0711e-05
0.00159,7.117e-05
0.001595,7.1632e-05
0.0016,7.2097e-05
0.001605,7.2564e-05
0.00161,7.3035e-05
0.001615,7.3508e-05
0.00162,7.3984e-05
0.001625,7.4462e-05
0.00163,7.4943e-05
0.001635,7.5427e-05
0.00164,7.5912e-05
0.001645,7.64e-05
0.00165,7.689e-05
0.001655,7.7381e-05
0.00166,7.7874e-05
0.001665,7.8368e-05
0.00167,7.8864e-05
0.001675,7.9361e-05
0.00168,7.9859e-05
0.001685,8.0357e-05
0.00169,8.0857e-05
0.001695,8.1357e-05
0.0017,8.1857e-05
0.001705,8.2358e-05
0.00171,8.286e-05
0.001715,8.3362e-05
0.00172,8.3864e-05
0.001725,8.4367e-05
0.00173,8.487e-05
0.001735,8.5373e-05
0.00174,8.5878e-05
0.001745,8.6383e-05
0.00175,8.6888e-05
0.001755,8.7395e-05
0.00176,8.7903e-05
0.001765,8.8413e-05
0.00177,8.8923e-05
0.001775,8.9436e-05
0.00178,8.995e-05
0.001785,9.0466e-05
0.00179,9.0985e-05
0.001795,9.1506e-05
0.0018,9.2029e-05
0.001805,9.2555e-05
0.00181,9.3084e-05
0.001815,9.3616e-05
0.00182,9.4151e-05
0.001825,9.4689e-05
0.00183,9.523e-05
0.001835,9.5774e-05
0.00184,9.6321e-05
0.001845,9.6871e-05
0.00185,9.7425e-05
0.001855,9.7981e-05
0.00186,9.854e-05
0.001865,9.9102e-05
0.00187,9.9667e-05
0.001875,0.00010023
0.00188,0.0001008
0.001885,0.00010138
0.00189,0.00010195
0.001895,0.00010252
0.0019,0.0001031
0.001905,0.00010368
0.00191,0.00010426
0.001915,0.00010484
0.00192,0.00010542
0.001925,0.000106
0.00193,0.00010659
0.001935,0.00010717
0.00194,0.00010775
0.001945,0.00010834
0.00195,0.00010892
0.001955,0.0001095
0.00196,0.00011009
0.001965,0.00011067
0.00197,0.00011126
0.001975,0.00011185
0.00198,0.00011243
0.001985,0.00011302
0.00199,0.00011361
0.001995,0.0001142
0.002,0.00011479
0.002005,0.00011538
0.00201,0.00011597
0.002015,0.00011657
0.00202,0.00011717
0.002025,0.00011777
0.00203,0.00011837
0.002035,0.00011898
0.00204,0.00011959
0.002045,0.0001202
0.00205,0.00012081
0.002055,0.00012143
0.00206,0.00012205
0.002065,0.00012268
0.00207,0.00012331
0.002075,0.00012394
0.00208,0.00012457
0.002085,0.00012521
0.00209,0.00012586
0.002095,0.0001265
0.0021,0.00012715
0.002105,0.0001278
0.00211,0.00012846
0.002115,0.00012911
0.00212,0.00012977
0.002125,0.00013043
0.00213,0.0001311
0.002135,0.00013176
0.00214,0.00013243
0.002145,0.0001331
0.00215,0.00013376
0.002155,0.00013443
0.00216,0.0001351
0.002165,0.00013578
0.00217,0.00013645
0.002175,0.00013712
0.00218,0.00013779
0.002185,0.00013846
0.00219,0.00013914
0.002195,0.00013981
0.0022,0.00014048
0.002205,0.00014116
0.00221,0.00014183
0.002215,0.0001425
0.00222,0.00014318
0.002225,0.00014385
0.00223,0.00014453
0.002235,0.00014521
0.00224,0.00014589
0.002245,0.00014657
0.00225,0.00014725
0.002255,0.00014794
0.00226,0.00014863
0.002265,0.00014932
0.00227,0.00015001
0.002275,0.00015071
0.00228,0.00015141
0.002285,0.00015212
0.00229,0.00015283
0.002295,0.00015354
0.0023,0.00015425
0.002305,0.00015497
0.00231,0.00015569
0.002315,0.00015642
0.00232,0.00015715
0.002325,0.00015789
0.00233,0.00015863
0.002335,0.00015937
0.00234,0.00016011
0.002345,0.00016086
0.00235,0.00016161
0.002355,0.00016237
0.00236,0.00016312
0.002365,0.00016388
0.00237,0.00016464
0.002375,0.0001654
0.00238,0.00016616
0.002385,0.00016693
0.00239,0.00016769
0.002395,0.00016846
0.0024,0.00016923
0.002405,0.00016999
0.00241,0.00017076
0.002415,0.00017153
0.00242,0.0001723
0.002425,0.00017306
0.00243,0.00017383
0.002435,0.0001746
0.00244,0.00017537
0.002445,0.00017614
0.00245,0.00017691
0.002455,0.00017768
0.00246,0.00017845
0.002465,0.00017922
0.00247,0.00017999
0.002475,0.00018077
0.00248,0.00018154
0.002485,0.00018232
0.00249,0.0001831
0.002495,0.00018389
0.0025,0.00018467
0.002505,0.00018546
0.00251,0.00018626
0.002515,0.00018705
0.00252,0.00018786
0.002525,0.00018866
0.00253,0.00018947
0.002535,0.00019028
0.00254,0.0001911
0.002545,0.00019192
0.00255,0.00019275
0.002555,0.00019358
0.00256,0.00019442
0.002565,0.00019525
0.00257,0.0001961
0.002575,0.00019694
0.00258,0.00019779
0.002585,0.00019865
0.00259,0.0001995
0.002595,0.00020036
0.0026,0.00020122
0.002605,0.00020209
0.00261,0.00020295
0.002615,0.00020382
0.00262,0.00020469
0.002625,0.00020556
0.00263,0.00020643
0.002635,0.0002073
0.00264,0.00020817
0.002645,0.00020904
0.00265,0.00020991
0.002655,0.00021079
0.00266,0.00021166
0.002665,0.00021253
0.00267,0.0002134
0.002675,0.00021427
0.00268,0.00021514
0.002685,0.00021602
0.00269,0.00021689
0.002695,0.00021777
0.0027,0.00021864
0.002705,0.00021952
0.00271,0.0002204
0.002715,0.00022128
0.00272,0.00022216
0.002725,0.00022304
0.00273,0.00022393
0.002735,0.00022482
0.00274,0.00022572
0.002745,0.00022662
0.00275,0.00022752
0.002755,0.00022843
0.00276,0.00022934
0.002765,0.00023026
0.00277,0.00023118
0.002775,0.0002321
0.00278,0.00023303
0.002785,0.00023397
0.00279,0.00023491
0.002795,0.00023585
0.0028,0.0002368
0.002805,0.00023776
0.00281,0.00023871
0.002815,0.00023968
0.00282,0.00024064
0.002825,0.00024161
0.00283,0.00024258
0.002835,0.00024356
0.00284,0.00024454
0.002845,0.00024551
0.00285,0.0002465
0.002855,0.00024748
0.00286,0.00024846
0.002865,0.00024945
0.00287,0.00025043
0.002875,0.00025142
0.00288,0.0002524
0.002885,0.00025339
0.00289,0.00025438
0.002895,0.00025536
0.0029,0.00025635
0.002905,0.00025734
0.00291,0.00025832
0.002915,0.00025931
0.00292,0.0002603
0.002925,0.00026128
0.00293,0.00026227
0.002935,0.00026326
0.00294,0.00026425
0.002945,0.00026525
0.00295,0.00026624
0.002955,0.00026724
0.00296,0.00026824
0.002965,0.00026924
0.00297,0.00027025
0.002975,0.00027126
0.00298,0.00027228
0.002985,0.00027329
0.00299,0.00027432
0.002995,0.00027535
0.003,0.00027638
0.003005,0.00027742
0.00301,0.00027847
0.003015,0.00027952
0.00302,0.00028057
0.003025,0.00028164
0.00303,0.0002827
0.003035,0.00028377
0.00304,0.00028485
0.003045,0.00028593
0.00305,0.00028702
0.003055,0.00028811
0.00306,0.0002892
0.003065,0.0002903
0.00307,0.0002914
0.003075,0.00029251
0.00308,0.00029361
0.003085,0.00029472
0.00309,0.00029583
0.003095,0.00029694
0.0031,0.00029805
0.003105,0.00029916
0.00311,0.00030028
0.003115,0.00030139
0.00312,0.00030251
0.003125,0.00030362
0.00313,0.00030473
0.003135,0.00030585
0.00314,0.00030696
0.003145,0.00030807
0.00315,0.00030919
0.003155,0.0003103
0.00316,0.00031142
0.003165,0.00031253
0.00317,0.00031365
0.003175,0.00031477
0.00318,0.00031589
0.003185,0.00031701
0.00319,0.00031814
0.003195,0.00031927
0.0032,0.0003204
0.003205,0.00032154
0.00321,0.00032268
0.003215,0.00032382
0.00322,0.00032497
0.003225,0.00032613
0.00323,0.00032729
0.003235,0.00032845
0.00324,0.00032963
0.003245,0.00033081
0.00325,0.00033199
0.003255,0.00033318
0.00326,0.00033438
0.003265,0.00033558
0.00327,0.00033679
0.003275,0.00033801
0.00328,0.00033923
0.003285,0.00034045
0.00329,0.00034168
0.003295,0.00034292
0.0033,0.00034415
0.003305,0.0003454
0.00331,0.00034664
0.003315,0.00034789
0.00332,0.00034914
0.003325,0.00035039
0.00333,0.00035165
0.003335,0.0003529
0.00334,0.00035416
0.003345,0.00035541
0.00335,0.00035667
0.003355,0.00035793
0.00336,0.00035919
0.003365,0.00036044
0.00337,0.0003617
0.003375,0.00036296
0.00338,0.00036422
0.003385,0.00036547
0.00339,0.00036673
0.003395,0.00036799
0.0034,0.00036925
0.003405,0.00037051
0.00341,0.00037177
0.003415,0.00037304
0.00342,0.0003743
0.003425,0.00037557
0.00343,0.00037685
0.003435,0.00037813
0.00344,0.00037941
0.003445,0.0003807
0.00345,0.00038199
0.003455,0.00038329
0.00346,0.00038459
0.003465,0.0003859
0.00347,0.00038722
0.003475,0.00038854
0.00348,0.00038987
0.003485,0.00039121
0.00349,0.00039255
0.003495,0.0003939
0.0035,0.00039526
0.003505,0.00039662
0.00351,0.000398
0.003515,0.00039937
0.00352,0.00040076
0.003525,0.00040214
0.00353,0.00040354
0.003535,0.00040494
0.00354,0.00040634
0.003545,0.00040774
0.00355,0.00040915
0.003555,0.00041057
0.00356,0.00041198
0.003565,0.0004134
0.00357,0.00041482
0.003575,0.00041623
0.00358,0.00041765
0.003585,0.00041907
0.00359,0.0004205
0.003595,0.00042192
0.0036,0.00042334
0.003605,0.00042476
0.00361,0.00042618
0.003615,0.0004276
0.00362,0.00042902
0.003625,0.00043044
0.00363,0.00043187
0.003635,0.00043329
0.00364,0.00043471
0.003645,0.00043614
0.00365,0.00043757
0.003655,0.000439
0.00366,0.00044044
0.003665,0.00044188
0.00367,0.00044332
0.003675,0.00044477
0.00368,0.00044623
0.003685,0.00044769
0.00369,0.00044916
0.003695,0.00045063
0.0037,0.00045211
0.003705,0.0004536
0.00371,0.00045509
0.003715,0.0004566
0.00372,0.00045811
0.003725,0.00045963
0.00373,0.00046116
0.003735,0.00046269
0.00374,0.00046424
0.003745,0.00046579
0.00375,0.00046735
0.003755,0.00046891
0.00376,0.00047048
0.003765,0.00047206
0.00377,0.00047364
0.003775,0.00047523
0.00378,0.00047682
0.003785,0.00047842
0.00379,0.00048001
0.003795,0.00048162
0.0038,0.00048322
0.003805,0.00048483
0.00381,0.00048643
0.003815,0.00048804
0.00382,0.00048965
0.003825,0.00049126
0.00383,0.00049287
0.003835,0.00049448
0.00384,0.00049609
0.003845,0.0004977
0.00385,0.00049931
0.003855,0.00050092
0.00386,0.00050253
0.003865,0.00050414
0.00387,0.00050576
0.003875,0.00050737
0.00388,0.00050899
0.003885,0.00051061
0.00389,0.00051223
0.003895,0.00051386
0.0039,0.00051549
0.003905,0.00051713
0.00391,0.00051877
0.003915,0.00052042
0.00392,0.00052208
0.003925,0.00052374
0.00393,0.00052542
0.003935,0.0005271
0.00394,0.00052878
0.003945,0.00053048
0.00395,0.00053219
0.003955,0.0005339
0.00396,0.00053563
0.003965,0.00053736
0.00397,0.0005391
0.003975,0.00054086
0.00398,0.00054262
0.003985,0.00054439
0.00399,0.00054616
0.003995,0.00054795
0.004,0.00054974
0.004005,0.00055153
0.00401,0.00055334
0.004015,0.00055515
0.00402,0.00055696
0.004025,0.00055878
0.00403,0.0005606
0.004035,0.00056242
0.00404,0.00056424
0.004045,0.00056607
0.00405,0.0005679
0.004055,0.00056973
0.00406,0.00057156
0.004065,0.00057339
0.00407,0.00057522
0.004075,0.00057705
0.00408,0.00057888
0.004085,0.00058071
0.00409,0.00058255
0.004095,0.00058438
0.0041,0.00058621
0.004105,0.00058805
0.00411,0.00058989
0.004115,0.00059173
0.00412,0.00059358
0.004125,0.00059543
0.00413,0.00059728
0.004135,0.00059914
0.00414,0.000601
0.004145,0.00060288
0.00415,0.00060475
0.004155,0.00060664
0.00416,0.00060854
0.004165,0.00061044
0.00417,0.00061236
0.004175,0.00061428
0.00418,0.00061622
0.004185,0.00061816
0.00419,0.00062012
0.004195,0.00062209
0.0042,0.00062406
0.004205,0.00062605
0.00421,0.00062805
0.004215,0.00063006
0.00422,0.00063208
0.004225,0.0006341
0.00423,0.00063614
0.004235,0.00063819
0.00424,0.00064024
0.004245,0.0006423
0.00425,0.00064436
0.004255,0.00064643
0.00426,0.00064851
0.004265,0.00065059
0.00427,0.00065267
0.004275,0.00065475
0.00428,0.00065684
0.004285,0.00065893
0.00429,0.00066102
0.004295,0.00066311
0.0043,0.00066521
0.004305,0.0006673
0.00431,0.0006694
0.004315,0.00067149
0.00432,0.00067359
0.004325,0.00067568
0.00433,0.00067778
0.004335,0.00067988
0.00434,0.00068198
0.004345,0.00068409
0.00435,0.0006862
0.004355,0.00068831
0.00436,0.00069043
0.004365,0.00069255
0.00437,0.00069468
0.004375,0.00069682
0.00438,0.00069896
0.004385,0.00070111
0.00439,0.00070328
0.004395,0.00070545
0.0044,0.00070764
0.004405,0.00070983
0.00441,0.00071204
0.004415,0.00071426
0.00442,0.00071649
0.004425,0.00071874
0.00443,0.00072099
0.004435,0.00072327
0.00444,0.00072555
0.004445,0.00072784
0.00445,0.00073015
0.004455,0.00073247
0.00446,0.0007348
0.004465,0.00073714
0.00447,0.00073949
0.004475,0.00074184
0.00448,0.00074421
0.004485,0.00074658
0.00449,0.00074896
0.004495,0.00075135
0.0045,0.00075374
0.004505,0.00075614
0.00451,0.00075853
0.004515,0.00076094
0.00452,0.00076334
0.004525,0.00076575
0.00453,0.00076815
0.004535,0.00077056
0.00454,0.00077297
0.004545,0.00077538
0.00455,0.0007778
0.004555,0.00078021
0.00456,0.00078262
0.004565,0.00078504
0.00457,0.00078746
0.004575,0.00078988
0.00458,0.00079231
0.004585,0.00079474
0.00459,0.00079718
0.004595,0.00079962
0.0046,0.00080207
0.004605,0.00080453
0.00461,0.00080699
0.004615,0.00080947
0.00462,0.00081195
0.004625,0.00081445
0.00463,0.00081696
0.004635,0.00081949
0.00464,0.00082203
0.004645,0.00082458
0.00465,0.00082714
0.004655,0.00082973
0.00466,0.00083232
0.004665,0.00083493
0.00467,0.00083756
0.004675,0.0008402
0.00468,0.00084286
0.004685,0.00084553
0.00469,0.00084821
0.004695,0.00085091
0.0047,0.00085362
0.004705,0.00085634
0.00471,0.00085907
0.004715,0.00086181
0.00472,0.00086456
0.004725,0.00086731
0.00473,0.00087008
0.004735,0.00087285
0.00474,0.00087562
0.004745,0.0008784
0.00475,0.00088119
0.004755,0.00088398
0.00476,0.00088676
0.004765,0.00088956
0.00477,0.00089235
0.004775,0.00089515
0.00478,0.00089794
0.004785,0.00090074
0.00479,0.00090354
0.004795,0.00090634
0.0048,0.00090915
0.004805,0.00091196
0.00481,0.00091477
0.004815,0.00091759
0.00482,0.00092042
0.004825,0.00092325
0.00483,0.00092609
0.004835,0.00092894
0.00484,0.0009318
0.004845,0.00093467
0.00485,0.00093755
0.004855,0.00094045
0.00486,0.00094336
0.004865,0.00094628
0.00487,0.00094922
0.004875,0.00095218
0.00488,0.00095516
0.004885,0.00095815
0.00489,0.00096116
0.004895,0.00096419
0.0049,0.00096723
0.004905,0.0009703
0.00491,0.00097338
0.004915,0.00097648
0.00492,0.0009796
0.004925,0.00098273
0.00493,0.00098588
0.004935,0.00098904
0.00494,0.00099222
0.004945,0.00099541
0.00495,0.00099861
0.004955,0.0010018
0.00496,0.001005
0.004965,0.0010083
0.00497,0.0010115
0.004975,0.0010147
0.00498,0.001018
0.004985,0.0010212
0.00499,0.0010245
0.004995,0.0010278
0.005,0.001031
0.005005,0.0010343
0.00501,0.0010376
0.005015,0.0010408
0.00502,0.0010441
0.005025,0.0010474
0.00503,0.0010507
0.005035,0.001054
0.00504,0.0010572
0.005045,0.0010605
0.00505,0.0010638
0.005055,0.0010672
0.00506,0.0010705
0.005065,0.0010738
0.00507,0.0010771
0.005075,0.0010805
0.00508,0.0010839
0.005085,0.0010873
0.00509,0.0010907
0.005095,0.0010941
0.0051,0.0010975
0.005105,0.001101
0.00511,0.0011044
0.005115,0.0011079
0.00512,0.0011115
0.005125,0.001115
0.00513,0.0011186
0.005135,0.0011222
0.00514,0.0011258
0.005145,0.0011294
0.00515,0.001133
0.005155,0.0011367
0.00516,0.0011404
0.005165,0.0011441
0.00517,0.0011478
0.005175,0.0011516
0.00518,0.0011553
0.005185,0.0011591
0.00519,0.0011629
0.005195,0.0011667
0.0052,0.0011705
0.005205,0.0011743
0.00521,0.0011781
0.005215,0.0011819
0.00522,0.0011858
0.005225,0.0011896
0.00523,0.0011934
0.005235,0.0011973
0.00524,0.0012011
0.005245,0.001205
0.00525,0.0012088
0.005255,0.0012127
0.00526,0.0012166
0.005265,0.0012204
0.00527,0.0012243
0.005275,0.0012282
0.00528,0.0012321
0.005285,0.001236
0.00529,0.0012399
0.005295,0.0012438
0.0053,0.0012478
0.005305,0.0012517
0.00531,0.0012557
0.005315,0.0012597
0.00532,0.0012637
0.005325,0.0012677
0.00533,0.0012718
0.005335,0.0012758
0.00534,0.0012799
0.005345,0.0012841
0.00535,0.0012882
0.005355,0.0012924
0.00536,0.0012966
0.005365,0.0013008
0.00537,0.0013051
0.005375,0.0013094
0.00538,0.0013137
0.005385,0.001318
0.00539,0.0013223
0.005395,0.0013267
0.0054,0.0013311
0.005405,0.0013355
0.00541,0.00134
0.005415,0.0013444
0.00542,0.0013489
0.005425,0.0013534
0.00543,0.0013579
0.005435,0.0013624
0.00544,0.0013669
0.005445,0.0013715
0.00545,0.001376
0.005455,0.0013805
0.00546,0.0013851
0.005465,0.0013897
0.00547,0.0013942
0.005475,0.0013988
0.00548,0.0014034
0.005485,0.0014079
0.00549,0.0014125
0.005495,0.0014171
0.0055,0.0014217
0.005505,0.0014263
0.00551,0.0014309
0.005515,0.0014356
0.00552,0.0014402
0.005525,0.0014449
0.00553,0.0014495
0.005535,0.0014542
0.00554,0.0014589
0.005545,0.0014637
0.00555,0.0014684
0.005555,0.0014732
0.00556,0.001478
0.005565,0.0014828
0.00557,0.0014877
0.005575,0.0014926
0.00558,0.0014975
0.005585,0.0015025
0.00559,0.0015074
0.005595,0.0015125
0.0056,0.0015175
0.005605,0.0015226
0.00561,0.0015277
0.005615,0.0015328
0.00562,0.001538
0.005625,0.0015432
0.00563,0.0015484
0.005635,0.0015537
0.00564,0.001559
0.005645,0.0015643
0.00565,0.0015696
0.005655,0.0015749
0.00566,0.0015803
0.005665,0.0015856
0.00567,0.001591
0.005675,0.0015964
0.00568,0.0016018
0.005685,0.0016072
0.00569,0.0016126
0.005695,0.0016181
0.0057,0.0016235
0.005705,0.0016289
0.00571,0.0016344
0.005715,0.0016398
0.00572,0.0016453
0.005725,0.0016508
0.00573,0.0016563
0.005735,0.0016617
0.00574,0.0016672
0.005745,0.0016728
0.00575,0.0016783
0.005755,0.0016838
0.00576,0.0016894
0.005765,0.001695
0.00577,0.0017006
0.005775,0.0017062
0.00578,0.0017119
0.005785,0.0017176
0.00579,0.0017233
0.005795,0.0017291
0.0058,0.0017349
0.005805,0.0017407
0.00581,0.0017466
0.005815,0.0017525
0.00582,0.0017584
0.005825,0.0017644
0.00583,0.0017704
0.005835,0.0017765
0.00584,0.0017826
0.005845,0.0017887
0.00585,0.0017949
0.005855,0.001801
0.00586,0.0018073
0.005865,0.0018135
0.00587,0.0018198
0.005875,0.0018261
0.00588,0.0018325
0.005885,0.0018388
0.00589,0.0018452
0.005895,0.0018516
0.0059,0.001858
0.005905,0.0018645
0.00591,0.0018709
0.005915,0.0018774
0.00592,0.0018838
0.005925,0.0018903
0.00593,0.0018968
0.005935,0.0019033
0.00594,0.0019098
0.005945,0.0019163
0.00595,0.0019228
0.005955,0.0019293
0.00596,0.0019359
0.005965,0.0019424
0.00597,0.001949
0.005975,0.0019556
0.00598,0.0019622
0.005985,0.0019688
0.00599,0.0019754
0.005995,0.0019821
0.006,0.0019888
0.006005,0.0019955
0.00601,0.0020023
0.006015,0.0020091
0.00602,0.0020159
0.006025,0.0020228
0.00603,0.0020297
0.006035,0.0020367
0.00604,0.0020437
0.006045,0.0020507
0.00605,0.0020578
0.006055,0.0020649
0.00606,0.0020721
0.006065,0.0020793
0.00607,0.0020866
0.006075,0.0020939
0.00608,0.0021012
0.006085,0.0021086
0.00609,0.002116
0.006095,0.0021235
0.0061,0.002131
0.006105,0.0021385
0.00611,0.0021461
0.006115,0.0021536
0.00612,0.0021612
0.006125,0.0021689
0.00613,0.0021765
0.006135,0.0021842
0.00614,0.0021918
0.006145,0.0021995
0.00615,0.0022072
0.006155,0.0022149
0.00616,0.0022227
0.006165,0.0022304
0.00617,0.0022381
0.006175,0.0022459
0.00618,0.0022537
0.006185,0.0022614
0.00619,0.0022692
0.006195,0.002277
0.0062,0.0022849
0.006205,0.0022927
0.00621,0.0023006
0.006215,0.0023085
0.00622,0.0023164
0.006225,0.0023243
0.00623,0.0023323
0.006235,0.0023403
0.00624,0.0023484
0.006245,0.0023565
0.00625,0.0023646
0.006255,0.0023728
0.00626,0.002381
0.006265,0.0023893
0.00627,0.0023976
0.006275,0.002406
0.00628,0.0024144
0.006285,0.0024229
0.00629,0.0024314
0.006295,0.00244
0.0063,0.0024486
0.006305,0.0024573
0.00631,0.002466
0.006315,0.0024748
0.00632,0.0024836
0.006325,0.0024925
0.00633,0.0025013
0.006335,0.0025103
0.00634,0.0025192
0.006345,0.0025282
0.00635,0.0025372
0.006355,0.0025463
0.00636,0.0025553
0.006365,0.0025644
0.00637,0.0025735
0.006375,0.0025826
0.00638,0.0025917
0.006385,0.0026009
0.00639,0.00261
0.006395,0.0026192
0.0064,0.0026283
0.006405,0.0026375
0.00641,0.0026467
0.006415,0.0026559
0.00642,0.0026652
0.006425,0.0026744
0.00643,0.0026837
0.006435,0.002693
0.00644,0.0027023
0.006445,0.0027116
0.00645,0.002721
0.006455,0.0027304
0.00646,0.0027399
0.006465,0.0027494
0.00647,0.0027589
0.006475,0.0027685
0.00648,0.0027781
0.006485,0.0027878
0.00649,0.0027975
0.006495,0.0028073
0.0065,0.0028171
0.006505,0.002827
0.00651,0.002837
0.006515,0.002847
0.00652,0.0028571
0.006525,0.0028672
0.00653,0.0028774
0.006535,0.0028876
0.00654,0.0028979
0.006545,0.0029082
0.00655,0.0029186
0.006555,0.002929
0.00656,0.0029395
0.006565,0.00295
0.00657,0.0029605
0.006575,0.0029711
0.00658,0.0029816
0.006585,0.0029923
0.00659,0.0030029
0.006595,0.0030136
0.0066,0.0030242
0.006605,0.0030349
0.00661,0.0030456
0.006615,0.0030564
0.00662,0.0030671
0.006625,0.0030778
0.00663,0.0030886
0.006635,0.0030994
0.00664,0.0031102
0.006645,0.003121
0.00665,0.0031318
0.006655,0.0031427
0.00666,0.0031535
0.006665,0.0031644
0.00667,0.0031754
0.006675,0.0031863
0.00668,0.0031973
0.006685,0.0032084
0.00669,0.0032194
0.006695,0.0032306
0.0067,0.0032417
0.006705,0.0032529
0.00671,0.0032642
0.006715,0.0032756
0.00672,0.0032869
0.006725,0.0032984
0.00673,0.0033099
0.006735,0.0033215
0.00674,0.0033331
0.006745,0.0033448
0.00675,0.0033565
0.006755,0.0033683
0.00676,0.0033802
0.006765,0.0033921
0.00677,0.0034041
0.006775,0.0034161
0.00678,0.0034282
0.006785,0.0034403
0.00679,0.0034525
0.006795,0.0034646
0.0068,0.0034769
0.006805,0.0034891
0.00681,0.0035014
0.006815,0.0035137
0.00682,0.0035261
0.006825,0.0035384
0.00683,0.0035508
0.006835,0.0035632
0.00684,0.0035756
0.006845,0.003588
0.00685,0.0036004
0.006855,0.0036128
0.00686,0.0036253
0.006865,0.0036378
0.00687,0.0036503
0.006875,0.0036628
0.00688,0.0036753
0.006885,0.0036878
0.00689,0.0037004
0.006895,0.003713
0.0069,0.0037257
0.006905,0.0037383
0.00691,0.003751
0.006915,0.0037638
0.00692,0.0037766
0.006925,0.0037894
0.00693,0.0038023
0.006935,0.0038153
0.00694,0.0038283
0.006945,0.0038414
0.00695,0.0038545
0.006955,0.0038677
0.00696,0.0038809
0.006965,0.0038943
0.00697,0.0039076
0.006975,0.0039211
0.00698,0.0039346
0.006985,0.0039481
0.00699,0.0039618
0.006995,0.0039754
0.007,0.0039892
0.007005,0.0040029
0.00701,0.0040167
0.007015,0.0040306
0.00702,0.0040445
0.007025,0.0040584
0.00703,0.0040724
0.007035,0.0040864
0.00704,0.0041004
0.007045,0.0041144
0.00705,0.0041285
0.007055,0.0041426
0.00706,0.0041567
0.007065,0.0041708
0.00707,0.0041849
0.007075,0.004199
0.00708,0.0042131
0.007085,0.0042273
0.00709,0.0042414
0.007095,0.0042556
0.0071,0.0042698
0.007105,0.004284
0.00711,0.0042982
0.007115,0.0043125
0.00712,0.0043268
0.007125,0.0043411
0.00713,0.0043554
0.007135,0.0043698
0.00714,0.0043842
0.007145,0.0043987
0.00715,0.0044132
0.007155,0.0044278
0.00716,0.0044424
0.007165,0.0044571
0.00717,0.0044718
0.007175,0.0044866
0.00718,0.0045014
0.007185,0.0045163
0.00719,0.0045313
0.007195,0.0045463
0.0072,0.0045614
0.007205,0.0045766
0.00721,0.0045918
0.007215,0.0046071
0.00722,0.0046224
0.007225,0.0046378
0.00723,0.0046532
0.007235,0.0046686
0.00724,0.0046841
0.007245,0.0046997
0.00725,0.0047152
0.007255,0.0047308
0.00726,0.0047465
0.007265,0.0047621
0.00727,0.0047778
0.007275,0.0047935
0.00728,0.0048091
0.007285,0.0048248
0.00729,0.0048405
0.007295,0.0048563
0.0073,0.004872
0.007305,0.0048877
0.00731,0.0049034
0.007315,0.0049192
0.00732,0.0049349
0.007325,0.0049507
0.00733,0.0049665
0.007335,0.0049823
0.00734,0.0049981
0.007345,0.0050139
0.00735,0.0050297
0.007355,0.0050456
0.00736,0.0050615
0.007365,0.0050775
0.00737,0.0050935
0.007375,0.0051095
0.00738,0.0051256
0.007385,0.0051417
0.00739,0.0051579
0.007395,0.0051741
0.0074,0.0051904
0.007405,0.0052067
0.00741,0.0052231
0.007415,0.0052396
0.00742,0.0052561
0.007425,0.0052726
0.00743,0.0052893
0.007435,0.0053059
0.00744,0.0053227
0.007445,0.0053394
0.00745,0.0053562
0.007455,0.0053731
0.00746,0.00539
0.007465,0.0054069
0.00747,0.0054239
0.007475,0.0054409
0.00748,0.0054579
0.007485,0.0054749
0.00749,0.005492
0.007495,0.005509
0.0075,0.0055261
0.007505,0.0055432
0.00751,0.0055602
0.007515,0.0055773
0.00752,0.0055944
0.007525,0.0056114
0.00753,0.0056285
0.007535,0.0056456
0.00754,0.0056626
0.007545,0.0056797
0.00755,0.0056967
0.007555,0.0057138
0.00756,0.0057309
0.007565,0.0057479
0.00757,0.005765
0.007575,0.0057821
0.00758,0.0057992
0.007585,0.0058164
0.00759,0.0058335
0.007595,0.0058507
0.0076,0.0058679
0.007605,0.0058852
0.00761,0.0059025
0.007615,0.0059198
0.00762,0.0059372
0.007625,0.0059546
0.00763,0.0059721
0.007635,0.0059896
0.00764,0.0060072
0.007645,0.0060248
0.00765,0.0060425
0.007655,0.0060602
0.00766,0.006078
0.007665,0.0060958
0.00767,0.0061136
0.007675,0.0061315
0.00768,0.0061494
0.007685,0.0061673
0.00769,0.0061853
0.007695,0.0062033
0.0077,0.0062213
0.007705,0.0062393
0.00771,0.0062573
0.007715,0.0062754
0.00772,0.0062934
0.007725,0.0063114
0.00773,0.0063294
0.007735,0.0063475
0.00774,0.0063655
0.007745,0.0063834
0.00775,0.0064014
0.007755,0.0064194
0.00776,0.0064373
0.007765,0.0064552
0.00777,0.0064731
0.007775,0.006491
0.00778,0.0065089
0.007785,0.0065268
0.00779,0.0065447
0.007795,0.0065625
0.0078,0.0065804
0.007805,0.0065982
0.00781,0.0066161
0.007815,0.006634
0.00782,0.0066519
0.007825,0.0066698
0.00783,0.0066877
0.007835,0.0067056
0.00784,0.0067236
0.007845,0.0067416
0.00785,0.0067596
0.007855,0.0067777
0.00786,0.0067958
0.007865,0.0068139
0.00787,0.0068321
0.007875,0.0068503
0.00788,0.0068685
0.007885,0.0068868
0.00789,0.0069051
0.007895,0.0069234
0.0079,0.0069417
0.007905,0.0069601
0.00791,0.0069785
0.007915,0.0069969
0.00792,0.0070153
0.007925,0.0070337
0.00793,0.0070521
0.007935,0.0070705
0.00794,0.0070889
0.007945,0.0071072
0.00795,0.0071256
0.007955,0.007144
0.00796,0.0071623
0.007965,0.0071806
0.00797,0.0071988
0.007975,0.0072171
0.00798,0.0072353
0.007985,0.0072535
0.00799,0.0072716
0.007995,0.0072897
0.008,0.0073078
