0,2.7629e-09
5e-06,1.0807e-08
1e-05,2.4462e-08
1.5e-05,4.3696e-08
2e-05,6.7864e-08
2.5e-05,9.7855e-08
3e-05,1.3356e-07
3.5e-05,1.7394e-07
4e-05,2.202e-07
4.5e-05,2.723e-07
5e-05,3.2902e-07
5.5e-05,3.9152e-07
6e-05,4.5993e-07
6.5e-05,5.3308e-07
7e-05,6.1184e-07
7.5e-05,6.9644e-07
8e-05,7.8607e-07
8.5e-05,8.8115e-07
9e-05,9.8189e-07
9.5e-05,1.088e-06
0.0001,1.1994e-06
0.000105,1.3163e-06
0.00011,1.4388e-06
0.000115,1.5667e-06
0.00012,1.6997e-06
0.000125,1.8385e-06
0.00013,1.9828e-06
0.000135,2.1321e-06
0.00014,2.2872e-06
0.000145,2.4479e-06
0.00015,2.6134e-06
0.000155,2.7848e-06
0.00016,2.9618e-06
0.000165,3.1438e-06
0.00017,3.3314e-06
0.000175,3.5247e-06
0.00018,3.723e-06
0.000185,3.9269e-06
0.00019,4.1365e-06
0.000195,4.3512e-06
0.0002,4.5715e-06
0.000205,4.7973e-06
0.00021,5.0284e-06
0.000215,5.2649e-06
0.00022,5.507e-06
0.000225,5.7545e-06
0.00023,6.0073e-06
0.000235,6.2657e-06
0.00024,6.5295e-06
0.000245,6.7987e-06
0.00025,7.0733e-06
0.000255,7.3534e-06
0.00026,7.6389e-06
0.000265,7.9299e-06
0.00027,8.2263e-06
0.000275,8.5281e-06
0.00028,8.8354e-06
0.000285,9.1481e-06
0.00029,9.4663e-06
0.000295,9.7899e-06
0.0003,1.0119e-05
0.000305,1.0453e-05
0.00031,1.0793e-05
0.000315,1.1139e-05
0.00032,1.1489e-05
0.000325,1.1846e-05
0.00033,1.2207e-05
0.000335,1.2574e-05
0.00034,1.2947e-05
0.000345,1.3325e-05
0.00035,1.3708e-05
0.000355,1.4097e-05
0.00036,1.4491e-05
0.000365,1.4891e-05
0.00037,1.5296e-05
0.000375,1.5707e-05
0.00038,1.6123e-05
0.000385,1.6544e-05
0.00039,1.6971e-05
0.000395,1.7403e-05
0.0004,1.7841e-05
0.000405,1.8284e-05
0.00041,1.8733e-05
0.000415,1.9187e-05
0.00042,1.9646e-05
0.000425,2.0111e-05
0.00043,2.0581e-05
0.000435,2.1057e-05
0.00044,2.1538e-05
0.000445,2.2025e-05
0.00045,2.2517e-05
0.000455,2.3015e-05
0.00046,2.3517e-05
0.000465,2.4026e-05
0.00047,2.454e-05
0.000475,2.5059e-05
0.00048,2.5584e-05
0.000485,2.6114e-05
0.00049,2.6649e-05
0.000495,2.719e-05
0.0005,2.7737e-05
0.000505,2.8288e-05
0.00051,2.8846e-05
0.000515,2.9408e-05
0.00052,2.9976e-05
0.000525,3.055e-05
0.00053,3.1129e-05
0.000535,3.1713e-05
0.00054,3.2303e-05
0.000545,3.2899e-05
0.00055,3.3499e-05
0.000555,3.4105e-05
0.00056,3.4717e-05
0.000565,3.5334e-05
0.00057,3.5956e-05
0.000575,3.6584e-05
0.00058,3.7218e-05
0.000585,3.7856e-05
0.00059,3.85e-05
0.000595,3.915e-05
0.0006,3.9805e-05
0.000605,4.0465e-05
0.00061,4.1131e-05
0.000615,4.1803e-05
0.00062,4.2479e-05
0.000625,4.3162e-05
0.00063,4.3849e-05
0.000635,4.4542e-05
0.00064,4.5241e-05
0.000645,4.5944e-05
0.00065,4.6654e-05
0.000655,4.7368e-05
0.00066,4.8089e-05
0.000665,4.8814e-05
0.00067,4.9545e-05
0.000675,5.0281e-05
0.00068,5.1023e-05
0.000685,5.1771e-05
0.00069,5.2523e-05
0.000695,5.3281e-05
0.0007,5.4045e-05
0.000705,5.4814e-05
0.00071,5.5588e-05
0.000715,5.6368e-05
0.00072,5.7153e-05
0.000725,5.7944e-05
0.00073,5.874e-05
0.000735,5.9542e-05
0.00074,6.0349e-05
0.000745,6.1161e-05
0.00075,6.1979e-05
0.000755,6.2802e-05
0.00076,6.3631e-05
0.000765,6.4465e-05
0.00077,6.5304e-05
0.000775,6.6149e-05
0.00078,6.6999e-05
0.000785,6.7855e-05
0.00079,6.8716e-05
0.000795,6.9583e-05
0.0008,7.0455e-05
0.000805,7.1332e-05
0.00081,7.2215e-05
0.000815,7.3103e-05
0.00082,7.3997e-05
0.000825,7.4896e-05
0.00083,7.5801e-05
0.000835,7.6711e-05
0.00084,7.7626e-05
0.000845,7.8547e-05
0.00085,7.9473e-05
0.000855,8.0404e-05
0.00086,8.1342e-05
0.000865,8.2284e-05
0.00087,8.3232e-05
0.000875,8.4185e-05
0.00088,8.5144e-05
0.000885,8.6108e-05
0.00089,8.7077e-05
0.000895,8.8052e-05
0.0009,8.9033e-05
0.000905,9.0019e-05
0.00091,9.101e-05
0.000915,9.2006e-05
0.00092,9.3008e-05
0.000925,9.4016e-05
0.00093,9.5029e-05
0.000935,9.6047e-05
0.00094,9.7071e-05
0.000945,9.81e-05
0.00095,9.9134e-05
0.000955,0.00010017
0.00096,0.00010122
0.000965,0.00010227
0.00097,0.00010333
0.000975,0.00010439
0.00098,0.00010545
0.000985,0.00010653
0.00099,0.00010761
0.000995,0.00010869
0.001,0.00010978
0.001005,0.00011087
0.00101,0.00011197
0.001015,0.00011308
0.00102,0.00011419
0.001025,0.0001153
0.00103,0.00011642
0.001035,0.00011755
0.00104,0.00011868
0.001045,0.00011982
0.00105,0.00012096
0.001055,0.00012211
0.00106,0.00012326
0.001065,0.00012442
0.00107,0.00012559
0.001075,0.00012676
0.00108,0.00012793
0.001085,0.00012911
0.00109,0.0001303
0.001095,0.00013149
0.0011,0.00013269
0.001105,0.00013389
0.00111,0.00013509
0.001115,0.00013631
0.00112,0.00013753
0.001125,0.00013875
0.00113,0.00013998
0.001135,0.00014121
0.00114,0.00014245
0.001145,0.0001437
0.00115,0.00014495
0.001155,0.00014621
0.00116,0.00014747
0.001165,0.00014873
0.00117,0.00015001
0.001175,0.00015128
0.00118,0.00015257
0.001185,0.00015386
0.00119,0.00015515
0.001195,0.00015645
0.0012,0.00015775
0.001205,0.00015906
0.00121,0.00016038
0.001215,0.0001617
0.00122,0.00016303
0.001225,0.00016436
0.00123,0.0001657
0.001235,0.00016704
0.00124,0.00016839
0.001245,0.00016974
0.00125,0.0001711
0.001255,0.00017246
0.00126,0.00017383
0.001265,0.00017521
0.00127,0.00017659
0.001275,0.00017797
0.00128,0.00017936
0.001285,0.00018076
0.00129,0.00018216
0.001295,0.00018357
0.0013,0.00018498
0.001305,0.0001864
0.00131,0.00018782
0.001315,0.00018925
0.00132,0.00019069
0.001325,0.00019213
0.00133,0.00019357
0.001335,0.00019502
0.00134,0.00019648
0.001345,0.00019794
0.00135,0.00019941
0.001355,0.00020088
0.00136,0.00020235
0.001365,0.00020384
0.00137,0.00020533
0.001375,0.00020682
0.00138,0.00020832
0.001385,0.00020982
0.00139,0.00021133
0.001395,0.00021285
0.0014,0.00021437
0.001405,0.00021589
0.00141,0.00021742
0.001415,0.00021896
0.00142,0.0002205
0.001425,0.00022205
0.00143,0.0002236
0.001435,0.00022516
0.00144,0.00022672
0.001445,0.00022829
0.00145,0.00022987
0.001455,0.00023145
0.00146,0.00023303
0.001465,0.00023462
0.00147,0.00023622
0.001475,0.00023782
0.00148,0.00023942
0.001485,0.00024104
0.00149,0.00024265
0.001495,0.00024428
0.0015,0.0002459
0.001505,0.00024754
0.00151,0.00024918
0.001515,0.00025082
0.00152,0.00025247
0.001525,0.00025412
0.00153,0.00025578
0.001535,0.00025745
0.00154,0.00025912
0.001545,0.0002608
0.00155,0.00026248
0.001555,0.00026416
0.00156,0.00026586
0.001565,0.00026755
0.00157,0.00026926
0.001575,0.00027097
0.00158,0.00027268
0.001585,0.0002744
0.00159,0.00027612
0.001595,0.00027785
0.0016,0.00027959
0.001605,0.00028133
0.00161,0.00028308
0.001615,0.00028483
0.00162,0.00028658
0.001625,0.00028835
0.00163,0.00029011
0.001635,0.00029189
0.00164,0.00029366
0.001645,0.00029545
0.00165,0.00029724
0.001655,0.00029903
0.00166,0.00030083
0.001665,0.00030264
0.00167,0.00030445
0.001675,0.00030626
0.00168,0.00030808
0.001685,0.00030991
0.00169,0.00031174
0.001695,0.00031358
0.0017,0.00031542
0.001705,0.00031727
0.00171,0.00031912
0.001715,0.00032098
0.00172,0.00032284
0.001725,0.00032471
0.00173,0.00032659
0.001735,0.00032847
0.00174,0.00033035
0.001745,0.00033224
0.00175,0.00033414
0.001755,0.00033604
0.00176,0.00033795
0.001765,0.00033986
0.00177,0.00034178
0.001775,0.0003437
0.00178,0.00034563
0.001785,0.00034756
0.00179,0.0003495
0.001795,0.00035144
0.0018,0.00035339
0.001805,0.00035535
0.00181,0.00035731
0.001815,0.00035927
0.00182,0.00036124
0.001825,0.00036322
0.00183,0.0003652
0.001835,0.00036719
0.00184,0.00036918
0.001845,0.00037118
0.00185,0.00037318
0.001855,0.00037519
0.00186,0.0003772
0.001865,0.00037922
0.00187,0.00038125
0.001875,0.00038328
0.00188,0.00038531
0.001885,0.00038735
0.00189,0.0003894
0.001895,0.00039145
0.0019,0.0003935
0.001905,0.00039556
0.00191,0.00039763
0.001915,0.0003997
0.00192,0.00040178
0.001925,0.00040386
0.00193,0.00040595
0.001935,0.00040805
0.00194,0.00041014
0.001945,0.00041225
0.00195,0.00041436
0.001955,0.00041647
0.00196,0.00041859
0.001965,0.00042072
0.00197,0.00042285
0.001975,0.00042499
0.00198,0.00042713
0.001985,0.00042927
0.00199,0.00043143
0.001995,0.00043358
0.002,0.00043575
0.002005,0.00043791
0.00201,0.00044009
0.002015,0.00044227
0.00202,0.00044445
0.002025,0.00044664
0.00203,0.00044883
0.002035,0.00045103
0.00204,0.00045324
0.002045,0.00045545
0.00205,0.00045767
0.002055,0.00045989
0.00206,0.00046211
0.002065,0.00046435
0.00207,0.00046658
0.002075,0.00046883
0.00208,0.00047107
0.002085,0.00047333
0.00209,0.00047558
0.002095,0.00047785
0.0021,0.00048012
0.002105,0.00048239
0.00211,0.00048467
0.002115,0.00048696
0.00212,0.00048925
0.002125,0.00049154
0.00213,0.00049384
0.002135,0.00049615
0.00214,0.00049846
0.002145,0.00050078
0.00215,0.0005031
0.002155,0.00050543
0.00216,0.00050776
0.002165,0.0005101
0.00217,0.00051244
0.002175,0.00051479
0.00218,0.00051714
0.002185,0.0005195
0.00219,0.00052187
0.002195,0.00052424
0.0022,0.00052661
0.002205,0.00052899
0.00221,0.00053138
0.002215,0.00053377
0.00222,0.00053617
0.002225,0.00053857
0.00223,0.00054097
0.002235,0.00054339
0.00224,0.0005458
0.002245,0.00054823
0.00225,0.00055065
0.002255,0.00055309
0.00226,0.00055553
0.002265,0.00055797
0.00227,0.00056042
0.002275,0.00056287
0.00228,0.00056533
0.002285,0.0005678
0.00229,0.00057027
0.002295,0.00057274
0.0023,0.00057522
0.002305,0.00057771
0.00231,0.0005802
0.002315,0.0005827
0.00232,0.0005852
0.002325,0.00058771
0.00233,0.00059022
0.002335,0.00059274
0.00234,0.00059526
0.002345,0.00059779
0.00235,0.00060032
0.002355,0.00060286
0.00236,0.00060541
0.002365,0.00060796
0.00237,0.00061051
0.002375,0.00061307
0.00238,0.00061564
0.002385,0.00061821
0.00239,0.00062078
0.002395,0.00062336
0.0024,0.00062595
0.002405,0.00062854
0.00241,0.00063114
0.002415,0.00063374
0.00242,0.00063635
0.002425,0.00063896
0.00243,0.00064158
0.002435,0.0006442
0.00244,0.00064683
0.002445,0.00064946
0.00245,0.0006521
0.002455,0.00065475
0.00246,0.0006574
0.002465,0.00066005
0.00247,0.00066271
0.002475,0.00066538
0.00248,0.00066805
0.002485,0.00067072
0.00249,0.00067341
0.002495,0.00067609
0.0025,0.00067878
0.002505,0.00068148
0.00251,0.00068418
0.002515,0.00068689
0.00252,0.0006896
0.002525,0.00069232
0.00253,0.00069504
0.002535,0.00069777
0.00254,0.00070051
0.002545,0.00070324
0.00255,0.00070599
0.002555,0.00070874
0.00256,0.00071149
0.002565,0.00071425
0.00257,0.00071702
0.002575,0.00071979
0.00258,0.00072256
0.002585,0.00072534
0.00259,0.00072813
0.002595,0.00073092
0.0026,0.00073372
0.002605,0.00073652
0.00261,0.00073933
0.002615,0.00074214
0.00262,0.00074496
0.002625,0.00074778
0.00263,0.00075061
0.002635,0.00075344
0.00264,0.00075628
0.002645,0.00075912
0.00265,0.00076197
0.002655,0.00076483
0.00266,0.00076769
0.002665,0.00077055
0.00267,0.00077342
0.002675,0.00077629
0.00268,0.00077917
0.002685,0.00078206
0.00269,0.00078495
0.002695,0.00078785
0.0027,0.00079075
0.002705,0.00079365
0.00271,0.00079657
0.002715,0.00079948
0.00272,0.00080241
0.002725,0.00080533
0.00273,0.00080827
0.002735,0.0008112
0.00274,0.00081415
0.002745,0.00081709
0.00275,0.00082005
0.002755,0.00082301
0.00276,0.00082597
0.002765,0.00082894
0.00277,0.00083191
0.002775,0.00083489
0.00278,0.00083788
0.002785,0.00084087
0.00279,0.00084386
0.002795,0.00084686
0.0028,0.00084987
0.002805,0.00085288
0.00281,0.00085589
0.002815,0.00085892
0.00282,0.00086194
0.002825,0.00086497
0.00283,0.00086801
0.002835,0.00087105
0.00284,0.0008741
0.002845,0.00087715
0.00285,0.00088021
0.002855,0.00088327
0.00286,0.00088634
0.002865,0.00088941
0.00287,0.00089249
0.002875,0.00089557
0.00288,0.00089866
0.002885,0.00090176
0.00289,0.00090486
0.002895,0.00090796
0.0029,0.00091107
0.002905,0.00091418
0.00291,0.0009173
0.002915,0.00092043
0.00292,0.00092356
0.002925,0.0009267
0.00293,0.00092984
0.002935,0.00093298
0.00294,0.00093613
0.002945,0.00093929
0.00295,0.00094245
0.002955,0.00094562
0.00296,0.00094879
0.002965,0.00095197
0.00297,0.00095515
0.002975,0.00095834
0.00298,0.00096153
0.002985,0.00096473
0.00299,0.00096793
0.002995,0.00097114
0.003,0.00097435
0.003005,0.00097757
0.00301,0.00098079
0.003015,0.00098402
0.00302,0.00098725
0.003025,0.00099049
0.00303,0.00099374
0.003035,0.00099699
0.00304,0.0010002
0.003045,0.0010035
0.00305,0.0010068
0.003055,0.00101
0.00306,0.0010133
0.003065,0.0010166
0.00307,0.0010199
0.003075,0.0010232
0.00308,0.0010265
0.003085,0.0010298
0.00309,0.0010331
0.003095,0.0010364
0.0031,0.0010397
0.003105,0.001043
0.00311,0.0010463
0.003115,0.0010497
0.00312,0.001053
0.003125,0.0010564
0.00313,0.0010597
0.003135,0.0010631
0.00314,0.0010664
0.003145,0.0010698
0.00315,0.0010731
0.003155,0.0010765
0.00316,0.0010799
0.003165,0.0010833
0.00317,0.0010867
0.003175,0.0010901
0.00318,0.0010935
0.003185,0.0010969
0.00319,0.0011003
0.003195,0.0011037
0.0032,0.0011071
0.003205,0.0011105
0.00321,0.001114
0.003215,0.0011174
0.00322,0.0011208
0.003225,0.0011243
0.00323,0.0011277
0.003235,0.0011312
0.00324,0.0011346
0.003245,0.0011381
0.00325,0.0011416
0.003255,0.0011451
0.00326,0.0011485
0.003265,0.001152
0.00327,0.0011555
0.003275,0.001159
0.00328,0.0011625
0.003285,0.001166
0.00329,0.0011695
0.003295,0.0011731
0.0033,0.0011766
0.003305,0.0011801
0.00331,0.0011836
0.003315,0.0011872
0.00332,0.0011907
0.003325,0.0011943
0.00333,0.0011978
0.003335,0.0012014
0.00334,0.0012049
0.003345,0.0012085
0.00335,0.0012121
0.003355,0.0012157
0.00336,0.0012192
0.003365,0.0012228
0.00337,0.0012264
0.003375,0.00123
0.00338,0.0012336
0.003385,0.0012372
0.00339,0.0012408
0.003395,0.0012445
0.0034,0.0012481
0.003405,0.0012517
0.00341,0.0012554
0.003415,0.001259
0.00342,0.0012626
0.003425,0.0012663
0.00343,0.0012699
0.003435,0.0012736
0.00344,0.0012773
0.003445,0.0012809
0.00345,0.0012846
0.003455,0.0012883
0.00346,0.001292
0.003465,0.0012957
0.00347,0.0012994
0.003475,0.0013031
0.00348,0.0013068
0.003485,0.0013105
0.00349,0.0013142
0.003495,0.0013179
0.0035,0.0013216
0.003505,0.0013254
0.00351,0.0013291
0.003515,0.0013329
0.00352,0.0013366
0.003525,0.0013404
0.00353,0.0013441
0.003535,0.0013479
0.00354,0.0013516
0.003545,0.0013554
0.00355,0.0013592
0.003555,0.001363
0.00356,0.0013668
0.003565,0.0013705
0.00357,0.0013743
0.003575,0.0013781
0.00358,0.001382
0.003585,0.0013858
0.00359,0.0013896
0.003595,0.0013934
0.0036,0.0013972
0.003605,0.0014011
0.00361,0.0014049
0.003615,0.0014088
0.00362,0.0014126
0.003625,0.0014165
0.00363,0.0014203
0.003635,0.0014242
0.00364,0.001428
0.003645,0.0014319
0.00365,0.0014358
0.003655,0.0014397
0.00366,0.0014436
0.003665,0.0014475
0.00367,0.0014514
0.003675,0.0014553
0.00368,0.0014592
0.003685,0.0014631
0.00369,0.001467
0.003695,0.0014709
0.0037,0.0014749
0.003705,0.0014788
0.00371,0.0014827
0.003715,0.0014867
0.00372,0.0014906
0.003725,0.0014946
0.00373,0.0014985
0.003735,0.0015025
0.00374,0.0015065
0.003745,0.0015104
0.00375,0.0015144
0.003755,0.0015184
0.00376,0.0015224
0.003765,0.0015264
0.00377,0.0015304
0.003775,0.0015344
0.00378,0.0015384
0.003785,0.0015424
0.00379,0.0015464
0.003795,0.0015505
0.0038,0.0015545
0.003805,0.0015585
0.00381,0.0015626
0.003815,0.0015666
0.00382,0.0015707
0.003825,0.0015747
0.00383,0.0015788
0.003835,0.0015828
0.00384,0.0015869
0.003845,0.001591
0.00385,0.0015951
0.003855,0.0015991
0.00386,0.0016032
0.003865,0.0016073
0.00387,0.0016114
0.003875,0.0016155
0.00388,0.0016196
0.003885,0.0016238
0.00389,0.0016279
0.003895,0.001632
0.0039,0.0016361
0.003905,0.0016403
0.00391,0.0016444
0.003915,0.0016486
0.00392,0.0016527
0.003925,0.0016569
0.00393,0.001661
0.003935,0.0016652
0.00394,0.0016694
0.003945,0.0016735
0.00395,0.0016777
0.003955,0.0016819
0.00396,0.0016861
0.003965,0.0016903
0.00397,0.0016945
0.003975,0.0016987
0.00398,0.0017029
0.003985,0.0017071
0.00399,0.0017113
0.003995,0.0017156
0.004,0.0017198
