0,7.0608e-10
5e-06,2.8234e-09
1e-05,6.3491e-09
1.5e-05,1.1279e-08
2e-05,1.7606e-08
2.5e-05,2.5324e-08
3e-05,3.4422e-08
3.5e-05,4.4892e-08
4e-05,5.6723e-08
4.5e-05,6.9903e-08
5e-05,8.4422e-08
5.5e-05,1.0027e-07
6e-05,1.1743e-07
6.5e-05,1.359e-07
7e-05,1.5567e-07
7.5e-05,1.7673e-07
8e-05,1.9907e-07
8.5e-05,2.227e-07
9e-05,2.4761e-07
9.5e-05,2.738e-07
0.0001,3.0127e-07
0.000105,3.3002e-07
0.00011,3.6008e-07
0.000115,3.9143e-07
0.00012,4.241e-07
0.000125,4.5809e-07
0.00013,4.9342e-07
0.000135,5.3011e-07
0.00014,5.6817e-07
0.000145,6.0761e-07
0.00015,6.4846e-07
0.000155,6.9073e-07
0.00016,7.3444e-07
0.000165,7.796e-07
0.00017,8.2622e-07
0.000175,8.7433e-07
0.00018,9.2392e-07
0.000185,9.7501e-07
0.00019,1.0276e-06
0.000195,1.0817e-06
0.0002,1.1373e-06
0.000205,1.1944e-06
0.00021,1.253e-06
0.000215,1.3131e-06
0.00022,1.3747e-06
0.000225,1.4378e-06
0.00023,1.5023e-06
0.000235,1.5682e-06
0.00024,1.6355e-06
0.000245,1.7042e-06
0.00025,1.7742e-06
0.000255,1.8456e-06
0.00026,1.9183e-06
0.000265,1.9922e-06
0.00027,2.0675e-06
0.000275,2.1439e-06
0.00028,2.2216e-06
0.000285,2.3004e-06
0.00029,2.3805e-06
0.000295,2.4617e-06
0.0003,2.544e-06
0.000305,2.6275e-06
0.00031,2.7122e-06
0.000315,2.798e-06
0.00032,2.885e-06
0.000325,2.9731e-06
0.00033,3.0624e-06
0.000335,3.153e-06
0.00034,3.2447e-06
0.000345,3.3378e-06
0.00035,3.4321e-06
0.000355,3.5277e-06
0.00036,3.6247e-06
0.000365,3.7231e-06
0.00037,3.8229e-06
0.000375,3.9241e-06
0.00038,4.0269e-06
0.000385,4.1312e-06
0.00039,4.237e-06
0.000395,4.3444e-06
0.0004,4.4535e-06
0.000405,4.5642e-06
0.00041,4.6765e-06
0.000415,4.7905e-06
0.00042,4.9062e-06
0.000425,5.0235e-06
0.00043,5.1425e-06
0.000435,5.2632e-06
0.00044,5.3855e-06
0.000445,5.5095e-06
0.00045,5.635e-06
0.000455,5.7622e-06
0.00046,5.8908e-06
0.000465,6.021e-06
0.00047,6.1527e-06
0.000475,6.2857e-06
0.00048,6.4202e-06
0.000485,6.556e-06
0.00049,6.693e-06
0.000495,6.8313e-06
0.0005,6.9708e-06
0.000505,7.1115e-06
0.00051,7.2533e-06
0.000515,7.3962e-06
0.00052,7.5401e-06
0.000525,7.6851e-06
0.00053,7.8311e-06
0.000535,7.9781e-06
0.00054,8.1261e-06
0.000545,8.2752e-06
0.00055,8.4252e-06
0.000555,8.5763e-06
0.00056,8.7285e-06
0.000565,8.8817e-06
0.00057,9.0361e-06
0.000575,9.1917e-06
0.00058,9.3485e-06
0.000585,9.5065e-06
0.00059,9.6659e-06
0.000595,9.8267e-06
0.0006,9.9888e-06
0.000605,1.0153e-05
0.00061,1.0318e-05
0.000615,1.0485e-05
0.00062,1.0653e-05
0.000625,1.0823e-05
0.00063,1.0995e-05
0.000635,1.1169e-05
0.00064,1.1344e-05
0.000645,1.1522e-05
0.00065,1.1701e-05
0.000655,1.1882e-05
0.00066,1.2065e-05
0.000665,1.225e-05
0.00067,1.2436e-05
0.000675,1.2625e-05
0.00068,1.2815e-05
0.000685,1.3007e-05
0.00069,1.3201e-05
0.000695,1.3396e-05
0.0007,1.3593e-05
0.000705,1.3792e-05
0.00071,1.3992e-05
0.000715,1.4193e-05
0.00072,1.4395e-05
0.000725,1.4599e-05
0.00073,1.4805e-05
0.000735,1.5011e-05
0.00074,1.5218e-05
0.000745,1.5427e-05
0.00075,1.5636e-05
0.000755,1.5846e-05
0.00076,1.6057e-05
0.000765,1.627e-05
0.00077,1.6483e-05
0.000775,1.6696e-05
0.00078,1.6911e-05
0.000785,1.7127e-05
0.00079,1.7343e-05
0.000795,1.7561e-05
0.0008,1.7779e-05
0.000805,1.7999e-05
0.00081,1.822e-05
0.000815,1.8442e-05
0.00082,1.8665e-05
0.000825,1.8889e-05
0.00083,1.9115e-05
0.000835,1.9342e-05
0.00084,1.9571e-05
0.000845,1.9802e-05
0.00085,2.0034e-05
0.000855,2.0268e-05
0.00086,2.0504e-05
0.000865,2.0741e-05
0.00087,2.0981e-05
0.000875,2.1223e-05
0.00088,2.1467e-05
0.000885,2.1712e-05
0.00089,2.196e-05
0.000895,2.221e-05
0.0009,2.2462e-05
0.000905,2.2716e-05
0.00091,2.2972e-05
0.000915,2.3231e-05
0.00092,2.349e-05
0.000925,2.3752e-05
0.00093,2.4016e-05
0.000935,2.4281e-05
0.00094,2.4548e-05
0.000945,2.4817e-05
0.00095,2.5086e-05
0.000955,2.5358e-05
0.00096,2.563e-05
0.000965,2.5904e-05
0.00097,2.6179e-05
0.000975,2.6455e-05
0.00098,2.6731e-05
0.000985,2.7009e-05
0.00099,2.7288e-05
0.000995,2.7567e-05
0.001,2.7847e-05
0.001005,2.8128e-05
0.00101,2.841e-05
0.001015,2.8692e-05
0.00102,2.8975e-05
0.001025,2.9259e-05
0.00103,2.9544e-05
0.001035,2.983e-05
0.00104,3.0116e-05
0.001045,3.0404e-05
0.00105,3.0693e-05
0.001055,3.0983e-05
0.00106,3.1274e-05
0.001065,3.1567e-05
0.00107,3.1861e-05
0.001075,3.2157e-05
0.00108,3.2455e-05
0.001085,3.2754e-05
0.00109,3.3056e-05
0.001095,3.3359e-05
0.0011,3.3665e-05
0.001105,3.3972e-05
0.00111,3.4282e-05
0.001115,3.4594e-05
0.00112,3.4909e-05
0.001125,3.5226e-05
0.00113,3.5545e-05
0.001135,3.5866e-05
0.00114,3.6189e-05
0.001145,3.6515e-05
0.00115,3.6843e-05
0.001155,3.7173e-05
0.00116,3.7505e-05
0.001165,3.7839e-05
0.00117,3.8175e-05
0.001175,3.8513e-05
0.00118,3.8852e-05
0.001185,3.9193e-05
0.00119,3.9535e-05
0.001195,3.9879e-05
0.0012,4.0223e-05
0.001205,4.0569e-05
0.00121,4.0916e-05
0.001215,4.1264e-05
0.00122,4.1612e-05
0.001225,4.1961e-05
0.00123,4.2311e-05
0.001235,4.2662e-05
0.00124,4.3013e-05
0.001245,4.3365e-05
0.00125,4.3718e-05
0.001255,4.4071e-05
0.00126,4.4425e-05
0.001265,4.4779e-05
0.00127,4.5135e-05
0.001275,4.5491e-05
0.00128,4.5848e-05
0.001285,4.6206e-05
0.00129,4.6566e-05
0.001295,4.6927e-05
0.0013,4.7289e-05
0.001305,4.7653e-05
0.00131,4.8019e-05
0.001315,4.8386e-05
0.00132,4.8755e-05
0.001325,4.9127e-05
0.00133,4.95e-05
0.001335,4.9876e-05
0.00134,5.0254e-05
0.001345,5.0635e-05
0.00135,5.1018e-05
0.001355,5.1403e-05
0.00136,5.1791e-05
0.001365,5.2182e-05
0.00137,5.2575e-05
0.001375,5.2971e-05
0.00138,5.3369e-05
0.001385,5.377e-05
0.00139,5.4173e-05
0.001395,5.4578e-05
0.0014,5.4985e-05
0.001405,5.5395e-05
0.00141,5.5806e-05
0.001415,5.6219e-05
0.00142,5.6634e-05
0.001425,5.705e-05
0.00143,5.7468e-05
0.001435,5.7886e-05
0.00144,5.8306e-05
0.001445,5.8727e-05
0.00145,5.9149e-05
0.001455,5.9571e-05
0.00146,5.9994e-05
0.001465,6.0418e-05
0.00147,6.0843e-05
0.001475,6.1267e-05
0.00148,6.1693e-05
0.001485,6.2119e-05
0.00149,6.2545e-05
0.001495,6.2972e-05
0.0015,6.34e-05
0.001505,6.3828e-05
0.00151,6.4257e-05
0.001515,6.4687e-05
0.00152,6.5118e-05
0.001525,6.555e-05
0.00153,6.5984e-05
0.001535,6.6419e-05
0.00154,6.6855e-05
0.001545,6.7294e-05
0.00155,6.7734e-05
0.001555,6.8176e-05
0.00156,6.8621e-05
0.001565,6.9068e-05
0.00157,6.9517e-05
0.001575,6.9969e-05
0.00158,7.0424e-05
0.001585,7.0881e-05
0.00159,7.1341e-05
0.001595,7.1804e-05
0.0016,7.227e-05
0.001605,7.2739e-05
0.00161,7.321e-05
0.001615,7.3684e-05
0.00162,7.4161e-05
0.001625,7.464e-05
0.00163,7.5122e-05
0.001635,7.5607e-05
0.00164,7.6093e-05
0.001645,7.6582e-05
0.00165,7.7072e-05
0.001655,7.7564e-05
0.00166,7.8058e-05
0.001665,7.8554e-05
0.00167,7.905e-05
0.001675,7.9548e-05
0.00168,8.0047e-05
0.001685,8.0547e-05
0.00169,8.1047e-05
0.001695,8.1548e-05
0.0017,8.205e-05
0.001705,8.2552e-05
0.00171,8.3054e-05
0.001715,8.3557e-05
0.00172,8.406e-05
0.001725,8.4564e-05
0.00173,8.5068e-05
0.001735,8.5572e-05
0.00174,8.6077e-05
0.001745,8.6583e-05
0.00175,8.709e-05
0.001755,8.7598e-05
0.00176,8.8107e-05
0.001765,8.8617e-05
0.00177,8.9129e-05
0.001775,8.9642e-05
0.00178,9.0157e-05
0.001785,9.0675e-05
0.00179,9.1194e-05
0.001795,9.1716e-05
0.0018,9.224e-05
0.001805,9.2767e-05
0.00181,9.3297e-05
0.001815,9.383e-05
0.00182,9.4365e-05
0.001825,9.4904e-05
0.00183,9.5446e-05
0.001835,9.5991e-05
0.00184,9.6539e-05
0.001845,9.7091e-05
0.00185,9.7645e-05
0.001855,9.8203e-05
0.00186,9.8763e-05
0.001865,9.9326e-05
0.00187,9.9892e-05
0.001875,0.00010046
0.00188,0.00010103
0.001885,0.0001016
0.00189,0.00010218
0.001895,0.00010275
0.0019,0.00010333
0.001905,0.00010391
0.00191,0.00010449
0.001915,0.00010507
0.00192,0.00010566
0.001925,0.00010624
0.00193,0.00010682
0.001935,0.00010741
0.00194,0.00010799
0.001945,0.00010858
0.00195,0.00010916
0.001955,0.00010975
0.00196,0.00011033
0.001965,0.00011092
0.00197,0.0001115
0.001975,0.00011209
0.00198,0.00011268
0.001985,0.00011327
0.00199,0.00011386
0.001995,0.00011445
0.002,0.00011504
