0,1.412e-09
5e-06,5.6443e-09
1e-05,1.2686e-08
1.5e-05,2.2518e-08
2e-05,3.5117e-08
2.5e-05,5.0452e-08
3e-05,6.8486e-08
3.5e-05,8.9182e-08
4e-05,1.1249e-07
4.5e-05,1.3838e-07
5e-05,1.6679e-07
5.5e-05,1.9769e-07
6e-05,2.3102e-07
6.5e-05,2.6676e-07
7e-05,3.0486e-07
7.5e-05,3.4529e-07
8e-05,3.8803e-07
8.5e-05,4.3307e-07
9e-05,4.8038e-07
9.5e-05,5.2997e-07
0.0001,5.8185e-07
0.000105,6.3603e-07
0.00011,6.9253e-07
0.000115,7.5138e-07
0.00012,8.1263e-07
0.000125,8.7631e-07
0.00013,9.4248e-07
0.000135,1.0112e-06
0.00014,1.0825e-06
0.000145,1.1565e-06
0.00015,1.2332e-06
0.000155,1.3128e-06
0.00016,1.3952e-06
0.000165,1.4805e-06
0.00017,1.5689e-06
0.000175,1.6603e-06
0.00018,1.7547e-06
0.000185,1.8524e-06
0.00019,1.9532e-06
0.000195,2.0572e-06
0.0002,2.1643e-06
0.000205,2.2748e-06
0.00021,2.3884e-06
0.000215,2.5051e-06
0.00022,2.6251e-06
0.000225,2.7481e-06
0.00023,2.8741e-06
0.000235,3.0031e-06
0.00024,3.135e-06
0.000245,3.2698e-06
0.00025,3.4072e-06
0.000255,3.5472e-06
0.00026,3.6898e-06
0.000265,3.8348e-06
0.00027,3.982e-06
0.000275,4.1315e-06
0.00028,4.2832e-06
0.000285,4.4368e-06
0.00029,4.5924e-06
0.000295,4.7498e-06
0.0003,4.9091e-06
0.000305,5.0702e-06
0.00031,5.233e-06
0.000315,5.3976e-06
0.00032,5.5639e-06
0.000325,5.7319e-06
0.00033,5.9018e-06
0.000335,6.0735e-06
0.00034,6.2471e-06
0.000345,6.4228e-06
0.00035,6.6005e-06
0.000355,6.7805e-06
0.00036,6.9628e-06
0.000365,7.1476e-06
0.00037,7.3349e-06
0.000375,7.5251e-06
0.00038,7.7181e-06
0.000385,7.9142e-06
0.00039,8.1134e-06
0.000395,8.3159e-06
0.0004,8.5219e-06
0.000405,8.7314e-06
0.00041,8.9446e-06
0.000415,9.1615e-06
0.00042,9.3822e-06
0.000425,9.6067e-06
0.00043,9.8352e-06
0.000435,1.0068e-05
0.00044,1.0304e-05
0.000445,1.0544e-05
0.00045,1.0788e-05
0.000455,1.1035e-05
0.00046,1.1287e-05
0.000465,1.1541e-05
0.00047,1.18e-05
0.000475,1.2061e-05
0.00048,1.2326e-05
0.000485,1.2593e-05
0.00049,1.2863e-05
0.000495,1.3136e-05
0.0005,1.3411e-05
0.000505,1.3689e-05
0.00051,1.3968e-05
0.000515,1.4249e-05
0.00052,1.4532e-05
0.000525,1.4817e-05
0.00053,1.5103e-05
0.000535,1.539e-05
0.00054,1.5679e-05
0.000545,1.5968e-05
0.00055,1.6259e-05
0.000555,1.6551e-05
0.00056,1.6844e-05
0.000565,1.7139e-05
0.00057,1.7435e-05
0.000575,1.7732e-05
0.00058,1.803e-05
0.000585,1.833e-05
0.00059,1.8633e-05
0.000595,1.8937e-05
0.0006,1.9243e-05
0.000605,1.9552e-05
0.00061,1.9863e-05
0.000615,2.0178e-05
0.00062,2.0495e-05
0.000625,2.0816e-05
0.00063,2.1141e-05
0.000635,2.1469e-05
0.00064,2.1802e-05
0.000645,2.2138e-05
0.00065,2.2479e-05
0.000655,2.2824e-05
0.00066,2.3174e-05
0.000665,2.3529e-05
0.00067,2.3888e-05
0.000675,2.4252e-05
0.00068,2.462e-05
0.000685,2.4994e-05
0.00069,2.5371e-05
0.000695,2.5753e-05
0.0007,2.614e-05
0.000705,2.653e-05
0.00071,2.6925e-05
0.000715,2.7323e-05
0.00072,2.7724e-05
0.000725,2.8129e-05
0.00073,2.8537e-05
0.000735,2.8947e-05
0.00074,2.936e-05
0.000745,2.9775e-05
0.00075,3.0191e-05
0.000755,3.061e-05
0.00076,3.1029e-05
0.000765,3.145e-05
0.00077,3.1872e-05
0.000775,3.2294e-05
0.00078,3.2717e-05
0.000785,3.3141e-05
0.00079,3.3566e-05
0.000795,3.3991e-05
0.0008,3.4416e-05
0.000805,3.4843e-05
0.00081,3.527e-05
0.000815,3.5697e-05
0.00082,3.6126e-05
0.000825,3.6557e-05
0.00083,3.6988e-05
0.000835,3.7422e-05
0.00084,3.7858e-05
0.000845,3.8296e-05
0.00085,3.8736e-05
0.000855,3.918e-05
0.00086,3.9627e-05
0.000865,4.0078e-05
0.00087,4.0533e-05
0.000875,4.0992e-05
0.00088,4.1456e-05
0.000885,4.1925e-05
0.00089,4.2399e-05
0.000895,4.2877e-05
0.0009,4.3362e-05
0.000905,4.3852e-05
0.00091,4.4347e-05
0.000915,4.4848e-05
0.00092,4.5355e-05
0.000925,4.5867e-05
0.00093,4.6384e-05
0.000935,4.6907e-05
0.00094,4.7435e-05
0.000945,4.7967e-05
0.00095,4.8504e-05
0.000955,4.9046e-05
0.00096,4.9591e-05
0.000965,5.014e-05
0.00097,5.0692e-05
0.000975,5.1247e-05
0.00098,5.1805e-05
0.000985,5.2364e-05
0.00099,5.2926e-05
0.000995,5.3488e-05
0.001,5.4052e-05
0.001005,5.4617e-05
0.00101,5.5183e-05
0.001015,5.5748e-05
0.00102,5.6314e-05
0.001025,5.688e-05
0.00103,5.7446e-05
0.001035,5.8012e-05
0.00104,5.8578e-05
0.001045,5.9144e-05
0.00105,5.971e-05
0.001055,6.0277e-05
0.00106,6.0844e-05
0.001065,6.1412e-05
0.00107,6.1981e-05
0.001075,6.2552e-05
0.00108,6.3124e-05
0.001085,6.3699e-05
0.00109,6.4277e-05
0.001095,6.4858e-05
0.0011,6.5442e-05
0.001105,6.603e-05
0.00111,6.6623e-05
0.001115,6.7221e-05
0.00112,6.7824e-05
0.001125,6.8432e-05
0.00113,6.9046e-05
0.001135,6.9667e-05
0.00114,7.0293e-05
0.001145,7.0927e-05
0.00115,7.1566e-05
0.001155,7.2213e-05
0.00116,7.2865e-05
0.001165,7.3525e-05
0.00117,7.4191e-05
0.001175,7.4863e-05
0.00118,7.5541e-05
0.001185,7.6225e-05
0.00119,7.6914e-05
0.001195,7.7608e-05
0.0012,7.8306e-05
0.001205,7.9009e-05
0.00121,7.9716e-05
0.001215,8.0425e-05
0.00122,8.1138e-05
0.001225,8.1852e-05
0.00123,8.2569e-05
0.001235,8.3287e-05
0.00124,8.4006e-05
0.001245,8.4725e-05
0.00125,8.5445e-05
0.001255,8.6165e-05
0.00126,8.6884e-05
0.001265,8.7603e-05
0.00127,8.8321e-05
0.001275,8.9039e-05
0.00128,8.9756e-05
0.001285,9.0472e-05
0.00129,9.1188e-05
0.001295,9.1904e-05
0.0013,9.262e-05
0.001305,9.3336e-05
0.00131,9.4054e-05
0.001315,9.4772e-05
0.00132,9.5492e-05
0.001325,9.6214e-05
0.00133,9.6939e-05
0.001335,9.7668e-05
0.00134,9.84e-05
0.001345,9.9136e-05
0.00135,9.9878e-05
0.001355,0.00010062
0.00136,0.00010138
0.001365,0.00010214
0.00137,0.0001029
0.001375,0.00010367
0.00138,0.00010445
0.001385,0.00010524
0.00139,0.00010604
0.001395,0.00010684
0.0014,0.00010765
0.001405,0.00010847
0.00141,0.0001093
0.001415,0.00011013
0.00142,0.00011097
0.001425,0.00011182
0.00143,0.00011267
0.001435,0.00011353
0.00144,0.00011439
0.001445,0.00011526
0.00145,0.00011614
0.001455,0.00011702
0.00146,0.0001179
0.001465,0.00011878
0.00147,0.00011967
0.001475,0.00012055
0.00148,0.00012144
0.001485,0.00012233
0.00149,0.00012322
0.001495,0.0001241
0.0015,0.00012499
0.001505,0.00012588
0.00151,0.00012676
0.001515,0.00012765
0.00152,0.00012853
0.001525,0.00012941
0.00153,0.00013029
0.001535,0.00013117
0.00154,0.00013205
0.001545,0.00013293
0.00155,0.00013381
0.001555,0.00013469
0.00156,0.00013557
0.001565,0.00013645
0.00157,0.00013734
0.001575,0.00013823
0.00158,0.00013912
0.001585,0.00014002
0.00159,0.00014092
0.001595,0.00014183
0.0016,0.00014275
0.001605,0.00014367
0.00161,0.00014461
0.001615,0.00014555
0.00162,0.00014649
0.001625,0.00014745
0.00163,0.00014842
0.001635,0.00014939
0.00164,0.00015038
0.001645,0.00015137
0.00165,0.00015237
0.001655,0.00015338
0.00166,0.0001544
0.001665,0.00015543
0.00167,0.00015646
0.001675,0.00015751
0.00168,0.00015855
0.001685,0.00015961
0.00169,0.00016067
0.001695,0.00016173
0.0017,0.0001628
0.001705,0.00016387
0.00171,0.00016494
0.001715,0.00016601
0.00172,0.00016709
0.001725,0.00016816
0.00173,0.00016924
0.001735,0.00017031
0.00174,0.00017139
0.001745,0.00017246
0.00175,0.00017353
0.001755,0.0001746
0.00176,0.00017566
0.001765,0.00017673
0.00177,0.00017779
0.001775,0.00017885
0.00178,0.00017991
0.001785,0.00018097
0.00179,0.00018203
0.001795,0.00018309
0.0018,0.00018415
0.001805,0.00018522
0.00181,0.00018628
0.001815,0.00018735
0.00182,0.00018843
0.001825,0.00018951
0.00183,0.00019059
0.001835,0.00019168
0.00184,0.00019278
0.001845,0.00019389
0.00185,0.00019501
0.001855,0.00019613
0.00186,0.00019727
0.001865,0.00019842
0.00187,0.00019957
0.001875,0.00020074
0.00188,0.00020192
0.001885,0.00020311
0.00189,0.00020431
0.001895,0.00020552
0.0019,0.00020674
0.001905,0.00020797
0.00191,0.0002092
0.001915,0.00021045
0.00192,0.0002117
0.001925,0.00021297
0.00193,0.00021423
0.001935,0.00021551
0.00194,0.00021678
0.001945,0.00021806
0.00195,0.00021935
0.001955,0.00022063
0.00196,0.00022192
0.001965,0.0002232
0.00197,0.00022449
0.001975,0.00022577
0.00198,0.00022706
0.001985,0.00022834
0.00199,0.00022962
0.001995,0.00023089
0.002,0.00023217
