0,3.43e-10
1e-06,1.3719e-09
2e-06,3.0866e-09
3e-06,5.4867e-09
4e-06,8.5716e-09
5e-06,1.2341e-08
6e-06,1.6793e-08
7e-06,2.1929e-08
8e-06,2.7745e-08
9e-06,3.4242e-08
1e-05,4.1418e-08
1.1e-05,4.9271e-08
1.2e-05,5.78e-08
1.3e-05,6.7004e-08
1.4e-05,7.6879e-08
1.5e-05,8.7425e-08
1.6e-05,9.8639e-08
1.7e-05,1.1052e-07
1.8e-05,1.2306e-07
1.9e-05,1.3627e-07
2e-05,1.5013e-07
2.1e-05,1.6465e-07
2.2e-05,1.7982e-07
2.3e-05,1.9564e-07
2.4e-05,2.1211e-07
2.5e-05,2.2922e-07
2.6e-05,2.4697e-07
2.7e-05,2.6536e-07
2.8e-05,2.8438e-07
2.9e-05,3.0403e-07
3e-05,3.2431e-07
3.1e-05,3.4521e-07
3.2e-05,3.6673e-07
3.3e-05,3.8887e-07
3.4e-05,4.1161e-07
3.5e-05,4.3497e-07
3.6e-05,4.5892e-07
3.7e-05,4.8348e-07
3.8e-05,5.0863e-07
3.9e-05,5.3437e-07
4e-05,5.607e-07
4.1e-05,5.8761e-07
4.2e-05,6.151e-07
4.3e-05,6.4317e-07
4.4e-05,6.718e-07
4.5e-05,7.01e-07
4.6e-05,7.3075e-07
4.7e-05,7.6107e-07
4.8e-05,7.9193e-07
4.9e-05,8.2335e-07
5e-05,8.553e-07
5.1e-05,8.878e-07
5.2e-05,9.2083e-07
5.3e-05,9.5438e-07
5.4e-05,9.8847e-07
5.5e-05,1.0231e-06
5.6e-05,1.0582e-06
5.7e-05,1.0938e-06
5.8e-05,1.13e-06
5.9e-05,1.1666e-06
6e-05,1.2038e-06
6.1e-05,1.2414e-06
6.2e-05,1.2795e-06
6.3e-05,1.3182e-06
6.4e-05,1.3573e-06
6.5e-05,1.3969e-06
6.6e-05,1.4369e-06
6.7e-05,1.4775e-06
6.8e-05,1.5185e-06
6.9e-05,1.56e-06
7e-05,1.6019e-06
7.1e-05,1.6443e-06
7.2e-05,1.6871e-06
7.3e-05,1.7304e-06
7.4e-05,1.7742e-06
7.5e-05,1.8184e-06
7.6e-05,1.863e-06
7.7e-05,1.9081e-06
7.8e-05,1.9537e-06
7.9e-05,1.9996e-06
8e-05,2.046e-06
8.1e-05,2.0929e-06
8.2e-05,2.1401e-06
8.3e-05,2.1878e-06
8.4e-05,2.2359e-06
8.5e-05,2.2845e-06
8.6e-05,2.3334e-06
8.7e-05,2.3828e-06
8.8e-05,2.4326e-06
8.9e-05,2.4828e-06
9e-05,2.5335e-06
9.1e-05,2.5845e-06
9.2e-05,2.636e-06
9.3e-05,2.6879e-06
9.4e-05,2.7402e-06
9.5e-05,2.7929e-06
9.6e-05,2.8461e-06
9.7e-05,2.8996e-06
9.8e-05,2.9536e-06
9.9e-05,3.008e-06
0.0001,3.0628e-06
0.000101,3.118e-06
0.000102,3.1737e-06
0.000103,3.2297e-06
0.000104,3.2862e-06
0.000105,3.3431e-06
0.000106,3.4004e-06
0.000107,3.4582e-06
0.000108,3.5164e-06
0.000109,3.575e-06
0.00011,3.634e-06
0.000111,3.6935e-06
0.000112,3.7534e-06
0.000113,3.8137e-06
0.000114,3.8745e-06
0.000115,3.9357e-06
0.000116,3.9974e-06
0.000117,4.0595e-06
0.000118,4.1221e-06
0.000119,4.1851e-06
0.00012,4.2486e-06
0.000121,4.3126e-06
0.000122,4.377e-06
0.000123,4.4418e-06
0.000124,4.5072e-06
0.000125,4.573e-06
0.000126,4.6394e-06
0.000127,4.7062e-06
0.000128,4.7735e-06
0.000129,4.8412e-06
0.00013,4.9095e-06
0.000131,4.9783e-06
0.000132,5.0476e-06
0.000133,5.1174e-06
0.000134,5.1878e-06
0.000135,5.2587e-06
0.000136,5.33e-06
0.000137,5.402e-06
0.000138,5.4745e-06
0.000139,5.5475e-06
0.00014,5.621e-06
0.000141,5.6952e-06
0.000142,5.7699e-06
0.000143,5.8451e-06
0.000144,5.921e-06
0.000145,5.9974e-06
0.000146,6.0744e-06
0.000147,6.152e-06
0.000148,6.2302e-06
0.000149,6.309e-06
0.00015,6.3884e-06
0.000151,6.4685e-06
0.000152,6.5491e-06
0.000153,6.6304e-06
0.000154,6.7123e-06
0.000155,6.7949e-06
0.000156,6.8781e-06
0.000157,6.962e-06
0.000158,7.0465e-06
0.000159,7.1318e-06
0.00016,7.2176e-06
0.000161,7.3042e-06
0.000162,7.3915e-06
0.000163,7.4794e-06
0.000164,7.568e-06
0.000165,7.6574e-06
0.000166,7.7475e-06
0.000167,7.8382e-06
0.000168,7.9298e-06
0.000169,8.022e-06
0.00017,8.115e-06
0.000171,8.2087e-06
0.000172,8.3032e-06
0.000173,8.3984e-06
0.000174,8.4944e-06
0.000175,8.5911e-06
0.000176,8.6886e-06
0.000177,8.7869e-06
0.000178,8.886e-06
0.000179,8.9859e-06
0.00018,9.0866e-06
0.000181,9.188e-06
0.000182,9.2903e-06
0.000183,9.3934e-06
0.000184,9.4972e-06
0.000185,9.602e-06
0.000186,9.7075e-06
0.000187,9.8138e-06
0.000188,9.921e-06
0.000189,1.0029e-05
0.00019,1.0138e-05
0.000191,1.0248e-05
0.000192,1.0358e-05
0.000193,1.047e-05
0.000194,1.0582e-05
0.000195,1.0695e-05
0.000196,1.0809e-05
0.000197,1.0924e-05
0.000198,1.104e-05
0.000199,1.1156e-05
0.0002,1.1274e-05
0.000201,1.1392e-05
0.000202,1.1511e-05
0.000203,1.1631e-05
0.000204,1.1752e-05
0.000205,1.1874e-05
0.000206,1.1997e-05
0.000207,1.212e-05
0.000208,1.2245e-05
0.000209,1.237e-05
0.00021,1.2497e-05
0.000211,1.2624e-05
0.000212,1.2752e-05
0.000213,1.2881e-05
0.000214,1.3011e-05
0.000215,1.3141e-05
0.000216,1.3273e-05
0.000217,1.3405e-05
0.000218,1.3539e-05
0.000219,1.3673e-05
0.00022,1.3808e-05
0.000221,1.3944e-05
0.000222,1.4081e-05
0.000223,1.4219e-05
0.000224,1.4357e-05
0.000225,1.4497e-05
0.000226,1.4637e-05
0.000227,1.4779e-05
0.000228,1.4921e-05
0.000229,1.5064e-05
0.00023,1.5207e-05
0.000231,1.5352e-05
0.000232,1.5498e-05
0.000233,1.5644e-05
0.000234,1.5791e-05
0.000235,1.5939e-05
0.000236,1.6088e-05
0.000237,1.6238e-05
0.000238,1.6388e-05
0.000239,1.6539e-05
0.00024,1.6691e-05
0.000241,1.6844e-05
0.000242,1.6998e-05
0.000243,1.7152e-05
0.000244,1.7308e-05
0.000245,1.7464e-05
0.000246,1.7621e-05
0.000247,1.7778e-05
0.000248,1.7936e-05
0.000249,1.8095e-05
0.00025,1.8255e-05
0.000251,1.8416e-05
0.000252,1.8577e-05
0.000253,1.8739e-05
0.000254,1.8901e-05
0.000255,1.9065e-05
0.000256,1.9229e-05
0.000257,1.9394e-05
0.000258,1.9559e-05
0.000259,1.9725e-05
0.00026,1.9892e-05
0.000261,2.0059e-05
0.000262,2.0227e-05
0.000263,2.0395e-05
0.000264,2.0565e-05
0.000265,2.0734e-05
0.000266,2.0905e-05
0.000267,2.1076e-05
0.000268,2.1247e-05
0.000269,2.1419e-05
0.00027,2.1592e-05
0.000271,2.1765e-05
0.000272,2.1939e-05
0.000273,2.2113e-05
0.000274,2.2288e-05
0.000275,2.2463e-05
0.000276,2.2639e-05
0.000277,2.2815e-05
0.000278,2.2992e-05
0.000279,2.3169e-05
0.00028,2.3347e-05
0.000281,2.3525e-05
0.000282,2.3704e-05
0.000283,2.3883e-05
0.000284,2.4062e-05
0.000285,2.4242e-05
0.000286,2.4422e-05
0.000287,2.4603e-05
0.000288,2.4784e-05
0.000289,2.4965e-05
0.00029,2.5147e-05
0.000291,2.5329e-05
0.000292,2.5511e-05
0.000293,2.5694e-05
0.000294,2.5877e-05
0.000295,2.6061e-05
0.000296,2.6244e-05
0.000297,2.6428e-05
0.000298,2.6613e-05
0.000299,2.6797e-05
0.0003,2.6982e-05
0.000301,2.7167e-05
0.000302,2.7352e-05
0.000303,2.7538e-05
0.000304,2.7724e-05
0.000305,2.791e-05
0.000306,2.8096e-05
0.000307,2.8283e-05
0.000308,2.847e-05
0.000309,2.8657e-05
0.00031,2.8844e-05
0.000311,2.9031e-05
0.000312,2.9219e-05
0.000313,2.9407e-05
0.000314,2.9595e-05
0.000315,2.9783e-05
0.000316,2.9972e-05
0.000317,3.016e-05
0.000318,3.0349e-05
0.000319,3.0538e-05
0.00032,3.0727e-05
0.000321,3.0916e-05
0.000322,3.1106e-05
0.000323,3.1295e-05
0.000324,3.1485e-05
0.000325,3.1675e-05
0.000326,3.1865e-05
0.000327,3.2055e-05
0.000328,3.2246e-05
0.000329,3.2436e-05
0.00033,3.2627e-05
0.000331,3.2818e-05
0.000332,3.3009e-05
0.000333,3.32e-05
0.000334,3.3392e-05
0.000335,3.3583e-05
0.000336,3.3775e-05
0.000337,3.3967e-05
0.000338,3.4159e-05
0.000339,3.4351e-05
0.00034,3.4544e-05
0.000341,3.4737e-05
0.000342,3.4929e-05
0.000343,3.5122e-05
0.000344,3.5316e-05
0.000345,3.5509e-05
0.000346,3.5703e-05
0.000347,3.5897e-05
0.000348,3.6091e-05
0.000349,3.6285e-05
0.00035,3.648e-05
0.000351,3.6675e-05
0.000352,3.687e-05
0.000353,3.7065e-05
0.000354,3.7261e-05
0.000355,3.7456e-05
0.000356,3.7653e-05
0.000357,3.7849e-05
0.000358,3.8046e-05
0.000359,3.8243e-05
0.00036,3.844e-05
0.000361,3.8638e-05
0.000362,3.8836e-05
0.000363,3.9035e-05
0.000364,3.9233e-05
0.000365,3.9433e-05
0.000366,3.9632e-05
0.000367,3.9832e-05
0.000368,4.0033e-05
0.000369,4.0233e-05
0.00037,4.0435e-05
0.000371,4.0636e-05
0.000372,4.0838e-05
0.000373,4.1041e-05
0.000374,4.1244e-05
0.000375,4.1448e-05
0.000376,4.1652e-05
0.000377,4.1856e-05
0.000378,4.2062e-05
0.000379,4.2267e-05
0.00038,4.2474e-05
0.000381,4.268e-05
0.000382,4.2888e-05
0.000383,4.3096e-05
0.000384,4.3305e-05
0.000385,4.3514e-05
0.000386,4.3724e-05
0.000387,4.3935e-05
0.000388,4.4146e-05
0.000389,4.4358e-05
0.00039,4.4571e-05
0.000391,4.4784e-05
0.000392,4.4998e-05
0.000393,4.5213e-05
0.000394,4.5429e-05
0.000395,4.5645e-05
0.000396,4.5862e-05
0.000397,4.608e-05
0.000398,4.6299e-05
0.000399,4.6519e-05
0.0004,4.6739e-05
0.000401,4.6961e-05
0.000402,4.7183e-05
0.000403,4.7406e-05
0.000404,4.763e-05
0.000405,4.7855e-05
0.000406,4.8081e-05
0.000407,4.8308e-05
0.000408,4.8536e-05
0.000409,4.8765e-05
0.00041,4.8994e-05
0.000411,4.9225e-05
0.000412,4.9457e-05
0.000413,4.969e-05
0.000414,4.9924e-05
0.000415,5.0158e-05
0.000416,5.0394e-05
0.000417,5.0631e-05
0.000418,5.087e-05
0.000419,5.1109e-05
0.00042,5.1349e-05
0.000421,5.159e-05
0.000422,5.1833e-05
0.000423,5.2077e-05
0.000424,5.2322e-05
0.000425,5.2568e-05
0.000426,5.2815e-05
0.000427,5.3063e-05
0.000428,5.3313e-05
0.000429,5.3563e-05
0.00043,5.3815e-05
0.000431,5.4068e-05
0.000432,5.4323e-05
0.000433,5.4578e-05
0.000434,5.4835e-05
0.000435,5.5093e-05
0.000436,5.5353e-05
0.000437,5.5613e-05
0.000438,5.5875e-05
0.000439,5.6138e-05
0.00044,5.6402e-05
0.000441,5.6668e-05
0.000442,5.6935e-05
0.000443,5.7203e-05
0.000444,5.7473e-05
0.000445,5.7744e-05
0.000446,5.8016e-05
0.000447,5.8289e-05
0.000448,5.8564e-05
0.000449,5.884e-05
0.00045,5.9117e-05
0.000451,5.9396e-05
0.000452,5.9676e-05
0.000453,5.9957e-05
0.000454,6.0239e-05
0.000455,6.0523e-05
0.000456,6.0808e-05
0.000457,6.1095e-05
0.000458,6.1382e-05
0.000459,6.1671e-05
0.00046,6.1962e-05
0.000461,6.2253e-05
0.000462,6.2546e-05
0.000463,6.284e-05
0.000464,6.3136e-05
0.000465,6.3433e-05
0.000466,6.3731e-05
0.000467,6.403e-05
0.000468,6.4331e-05
0.000469,6.4632e-05
0.00047,6.4935e-05
0.000471,6.524e-05
0.000472,6.5545e-05
0.000473,6.5852e-05
0.000474,6.616e-05
0.000475,6.6469e-05
0.000476,6.678e-05
0.000477,6.7091e-05
0.000478,6.7404e-05
0.000479,6.7718e-05
0.00048,6.8033e-05
0.000481,6.8349e-05
0.000482,6.8667e-05
0.000483,6.8985e-05
0.000484,6.9305e-05
0.000485,6.9626e-05
0.000486,6.9947e-05
0.000487,7.027e-05
0.000488,7.0594e-05
0.000489,7.0919e-05
0.00049,7.1245e-05
0.000491,7.1572e-05
0.000492,7.1901e-05
0.000493,7.223e-05
0.000494,7.256e-05
0.000495,7.2891e-05
0.000496,7.3223e-05
0.000497,7.3556e-05
0.000498,7.389e-05
0.000499,7.4224e-05
0.0005,7.456e-05
0.000501,7.4896e-05
0.000502,7.5234e-05
0.000503,7.5572e-05
0.000504,7.5911e-05
0.000505,7.6251e-05
0.000506,7.6591e-05
0.000507,7.6933e-05
0.000508,7.7275e-05
0.000509,7.7618e-05
0.00051,7.7961e-05
0.000511,7.8305e-05
0.000512,7.865e-05
0.000513,7.8996e-05
0.000514,7.9342e-05
0.000515,7.9689e-05
0.000516,8.0037e-05
0.000517,8.0385e-05
0.000518,8.0733e-05
0.000519,8.1082e-05
0.00052,8.1432e-05
0.000521,8.1782e-05
0.000522,8.2133e-05
0.000523,8.2484e-05
0.000524,8.2836e-05
0.000525,8.3188e-05
0.000526,8.354e-05
0.000527,8.3893e-05
0.000528,8.4246e-05
0.000529,8.46e-05
0.00053,8.4954e-05
0.000531,8.5308e-05
0.000532,8.5663e-05
0.000533,8.6018e-05
0.000534,8.6373e-05
0.000535,8.6728e-05
0.000536,8.7084e-05
0.000537,8.744e-05
0.000538,8.7796e-05
0.000539,8.8153e-05
0.00054,8.8509e-05
0.000541,8.8866e-05
0.000542,8.9223e-05
0.000543,8.958e-05
0.000544,8.9937e-05
0.000545,9.0294e-05
0.000546,9.0651e-05
0.000547,9.1009e-05
0.000548,9.1366e-05
0.000549,9.1724e-05
0.00055,9.2081e-05
0.000551,9.2439e-05
0.000552,9.2797e-05
0.000553,9.3154e-05
0.000554,9.3512e-05
0.000555,9.3869e-05
0.000556,9.4227e-05
0.000557,9.4585e-05
0.000558,9.4942e-05
0.000559,9.53e-05
0.00056,9.5657e-05
0.000561,9.6014e-05
0.000562,9.6372e-05
0.000563,9.6729e-05
0.000564,9.7086e-05
0.000565,9.7443e-05
0.000566,9.78e-05
0.000567,9.8157e-05
0.000568,9.8514e-05
0.000569,9.887e-05
0.00057,9.9227e-05
0.000571,9.9583e-05
0.000572,9.994e-05
0.000573,0.0001003
0.000574,0.00010065
0.000575,0.00010101
0.000576,0.00010136
0.000577,0.00010172
0.000578,0.00010208
0.000579,0.00010243
0.00058,0.00010279
0.000581,0.00010314
0.000582,0.0001035
0.000583,0.00010385
0.000584,0.00010421
0.000585,0.00010456
0.000586,0.00010492
0.000587,0.00010527
0.000588,0.00010563
0.000589,0.00010598
0.00059,0.00010634
0.000591,0.00010669
0.000592,0.00010705
0.000593,0.0001074
0.000594,0.00010776
0.000595,0.00010811
0.000596,0.00010846
0.000597,0.00010882
0.000598,0.00010917
0.000599,0.00010953
0.0006,0.00010988
0.000601,0.00011024
0.000602,0.00011059
0.000603,0.00011095
0.000604,0.0001113
0.000605,0.00011166
0.000606,0.00011202
0.000607,0.00011237
0.000608,0.00011273
0.000609,0.00011308
0.00061,0.00011344
0.000611,0.0001138
0.000612,0.00011415
0.000613,0.00011451
0.000614,0.00011487
0.000615,0.00011523
0.000616,0.00011559
0.000617,0.00011594
0.000618,0.0001163
0.000619,0.00011666
0.00062,0.00011702
0.000621,0.00011738
0.000622,0.00011774
0.000623,0.00011811
0.000624,0.00011847
0.000625,0.00011883
0.000626,0.00011919
0.000627,0.00011956
0.000628,0.00011992
0.000629,0.00012029
0.00063,0.00012065
0.000631,0.00012102
0.000632,0.00012139
0.000633,0.00012175
0.000634,0.00012212
0.000635,0.00012249
0.000636,0.00012286
0.000637,0.00012323
0.000638,0.00012361
0.000639,0.00012398
0.00064,0.00012435
0.000641,0.00012473
0.000642,0.0001251
0.000643,0.00012548
0.000644,0.00012586
0.000645,0.00012624
0.000646,0.00012662
0.000647,0.000127
0.000648,0.00012738
0.000649,0.00012776
0.00065,0.00012815
0.000651,0.00012853
0.000652,0.00012892
0.000653,0.00012931
0.000654,0.0001297
0.000655,0.00013009
0.000656,0.00013048
0.000657,0.00013088
0.000658,0.00013127
0.000659,0.00013167
0.00066,0.00013206
0.000661,0.00013246
0.000662,0.00013286
0.000663,0.00013327
0.000664,0.00013367
0.000665,0.00013408
0.000666,0.00013448
0.000667,0.00013489
0.000668,0.0001353
0.000669,0.00013571
0.00067,0.00013612
0.000671,0.00013654
0.000672,0.00013695
0.000673,0.00013737
0.000674,0.00013779
0.000675,0.00013821
0.000676,0.00013864
0.000677,0.00013906
0.000678,0.00013949
0.000679,0.00013991
0.00068,0.00014034
0.000681,0.00014078
0.000682,0.00014121
0.000683,0.00014165
0.000684,0.00014208
0.000685,0.00014252
0.000686,0.00014296
0.000687,0.0001434
0.000688,0.00014385
0.000689,0.0001443
0.00069,0.00014474
0.000691,0.00014519
0.000692,0.00014565
0.000693,0.0001461
0.000694,0.00014655
0.000695,0.00014701
0.000696,0.00014747
0.000697,0.00014793
0.000698,0.0001484
0.000699,0.00014886
0.0007,0.00014933
0.000701,0.0001498
0.000702,0.00015027
0.000703,0.00015074
0.000704,0.00015122
0.000705,0.00015169
0.000706,0.00015217
0.000707,0.00015265
0.000708,0.00015313
0.000709,0.00015362
0.00071,0.0001541
0.000711,0.00015459
0.000712,0.00015508
0.000713,0.00015557
0.000714,0.00015607
0.000715,0.00015656
0.000716,0.00015706
0.000717,0.00015756
0.000718,0.00015806
0.000719,0.00015856
0.00072,0.00015906
0.000721,0.00015957
0.000722,0.00016008
0.000723,0.00016059
0.000724,0.0001611
0.000725,0.00016161
0.000726,0.00016213
0.000727,0.00016264
0.000728,0.00016316
0.000729,0.00016368
0.00073,0.0001642
0.000731,0.00016472
0.000732,0.00016525
0.000733,0.00016577
0.000734,0.0001663
0.000735,0.00016683
0.000736,0.00016736
0.000737,0.00016789
0.000738,0.00016843
0.000739,0.00016896
0.00074,0.0001695
0.000741,0.00017004
0.000742,0.00017057
0.000743,0.00017111
0.000744,0.00017166
0.000745,0.0001722
0.000746,0.00017274
0.000747,0.00017329
0.000748,0.00017384
0.000749,0.00017438
0.00075,0.00017493
0.000751,0.00017548
0.000752,0.00017603
0.000753,0.00017659
0.000754,0.00017714
0.000755,0.00017769
0.000756,0.00017825
0.000757,0.00017881
0.000758,0.00017936
0.000759,0.00017992
0.00076,0.00018048
0.000761,0.00018104
0.000762,0.0001816
0.000763,0.00018216
0.000764,0.00018273
0.000765,0.00018329
0.000766,0.00018385
0.000767,0.00018442
0.000768,0.00018498
0.000769,0.00018555
0.00077,0.00018611
0.000771,0.00018668
0.000772,0.00018725
0.000773,0.00018781
0.000774,0.00018838
0.000775,0.00018895
0.000776,0.00018952
0.000777,0.00019009
0.000778,0.00019066
0.000779,0.00019123
0.00078,0.0001918
0.000781,0.00019237
0.000782,0.00019294
0.000783,0.00019351
0.000784,0.00019408
0.000785,0.00019465
0.000786,0.00019523
0.000787,0.0001958
0.000788,0.00019637
0.000789,0.00019694
0.00079,0.00019751
0.000791,0.00019808
0.000792,0.00019866
0.000793,0.00019923
0.000794,0.0001998
0.000795,0.00020037
0.000796,0.00020094
0.000797,0.00020151
0.000798,0.00020208
0.000799,0.00020266
0.0008,0.00020323
0.000801,0.0002038
0.000802,0.00020437
0.000803,0.00020494
0.000804,0.00020551
0.000805,0.00020608
0.000806,0.00020665
0.000807,0.00020722
0.000808,0.00020778
0.000809,0.00020835
0.00081,0.00020892
0.000811,0.00020949
0.000812,0.00021006
0.000813,0.00021062
0.000814,0.00021119
0.000815,0.00021176
0.000816,0.00021232
0.000817,0.00021289
0.000818,0.00021345
0.000819,0.00021402
0.00082,0.00021458
0.000821,0.00021515
0.000822,0.00021571
0.000823,0.00021628
0.000824,0.00021684
0.000825,0.0002174
0.000826,0.00021796
0.000827,0.00021853
0.000828,0.00021909
0.000829,0.00021965
0.00083,0.00022021
0.000831,0.00022077
0.000832,0.00022133
0.000833,0.00022189
0.000834,0.00022245
0.000835,0.00022301
0.000836,0.00022357
0.000837,0.00022412
0.000838,0.00022468
0.000839,0.00022524
0.00084,0.0002258
0.000841,0.00022636
0.000842,0.00022691
0.000843,0.00022747
0.000844,0.00022803
0.000845,0.00022858
0.000846,0.00022914
0.000847,0.0002297
0.000848,0.00023025
0.000849,0.00023081
0.00085,0.00023136
0.000851,0.00023192
0.000852,0.00023248
0.000853,0.00023303
0.000854,0.00023359
0.000855,0.00023415
0.000856,0.0002347
0.000857,0.00023526
0.000858,0.00023581
0.000859,0.00023637
0.00086,0.00023693
0.000861,0.00023749
0.000862,0.00023804
0.000863,0.0002386
0.000864,0.00023916
0.000865,0.00023972
0.000866,0.00024028
0.000867,0.00024084
0.000868,0.0002414
0.000869,0.00024196
0.00087,0.00024252
0.000871,0.00024308
0.000872,0.00024364
0.000873,0.00024421
0.000874,0.00024477
0.000875,0.00024533
0.000876,0.0002459
0.000877,0.00024647
0.000878,0.00024703
0.000879,0.0002476
0.00088,0.00024817
0.000881,0.00024874
0.000882,0.00024931
0.000883,0.00024988
0.000884,0.00025045
0.000885,0.00025103
0.000886,0.0002516
0.000887,0.00025218
0.000888,0.00025276
0.000889,0.00025334
0.00089,0.00025392
0.000891,0.0002545
0.000892,0.00025508
0.000893,0.00025567
0.000894,0.00025625
0.000895,0.00025684
0.000896,0.00025743
0.000897,0.00025802
0.000898,0.00025861
0.000899,0.00025921
0.0009,0.0002598
0.000901,0.0002604
0.000902,0.000261
0.000903,0.0002616
0.000904,0.0002622
0.000905,0.00026281
0.000906,0.00026341
0.000907,0.00026402
0.000908,0.00026463
0.000909,0.00026525
0.00091,0.00026586
0.000911,0.00026648
0.000912,0.0002671
0.000913,0.00026772
0.000914,0.00026834
0.000915,0.00026897
0.000916,0.0002696
0.000917,0.00027023
0.000918,0.00027086
0.000919,0.00027149
0.00092,0.00027213
0.000921,0.00027277
0.000922,0.00027341
0.000923,0.00027406
0.000924,0.00027471
0.000925,0.00027536
0.000926,0.00027601
0.000927,0.00027666
0.000928,0.00027732
0.000929,0.00027798
0.00093,0.00027864
0.000931,0.00027931
0.000932,0.00027998
0.000933,0.00028065
0.000934,0.00028132
0.000935,0.000282
0.000936,0.00028267
0.000937,0.00028336
0.000938,0.00028404
0.000939,0.00028473
0.00094,0.00028542
0.000941,0.00028611
0.000942,0.0002868
0.000943,0.0002875
0.000944,0.0002882
0.000945,0.00028891
0.000946,0.00028961
0.000947,0.00029032
0.000948,0.00029103
0.000949,0.00029175
0.00095,0.00029246
0.000951,0.00029319
0.000952,0.00029391
0.000953,0.00029463
0.000954,0.00029536
0.000955,0.00029609
0.000956,0.00029683
0.000957,0.00029757
0.000958,0.00029831
0.000959,0.00029905
0.00096,0.00029979
0.000961,0.00030054
0.000962,0.00030129
0.000963,0.00030205
0.000964,0.0003028
0.000965,0.00030356
0.000966,0.00030432
0.000967,0.00030509
0.000968,0.00030585
0.000969,0.00030662
0.00097,0.00030739
0.000971,0.00030817
0.000972,0.00030894
0.000973,0.00030972
0.000974,0.00031051
0.000975,0.00031129
0.000976,0.00031208
0.000977,0.00031287
0.000978,0.00031366
0.000979,0.00031445
0.00098,0.00031525
0.000981,0.00031605
0.000982,0.00031685
0.000983,0.00031765
0.000984,0.00031846
0.000985,0.00031926
0.000986,0.00032007
0.000987,0.00032089
0.000988,0.0003217
0.000989,0.00032252
0.00099,0.00032333
0.000991,0.00032415
0.000992,0.00032497
0.000993,0.0003258
0.000994,0.00032662
0.000995,0.00032745
0.000996,0.00032828
0.000997,0.00032911
0.000998,0.00032994
0.000999,0.00033078
0.001,0.00033161
0.001001,0.00033245
0.001002,0.00033329
0.001003,0.00033413
0.001004,0.00033497
0.001005,0.00033581
0.001006,0.00033666
0.001007,0.0003375
0.001008,0.00033835
0.001009,0.0003392
0.00101,0.00034004
0.001011,0.00034089
0.001012,0.00034175
0.001013,0.0003426
0.001014,0.00034345
0.001015,0.0003443
0.001016,0.00034516
0.001017,0.00034602
0.001018,0.00034687
0.001019,0.00034773
0.00102,0.00034859
0.001021,0.00034945
0.001022,0.0003503
0.001023,0.00035116
0.001024,0.00035202
0.001025,0.00035289
0.001026,0.00035375
0.001027,0.00035461
0.001028,0.00035547
0.001029,0.00035633
0.00103,0.00035719
0.001031,0.00035806
0.001032,0.00035892
0.001033,0.00035978
0.001034,0.00036065
0.001035,0.00036151
0.001036,0.00036237
0.001037,0.00036324
0.001038,0.0003641
0.001039,0.00036496
0.00104,0.00036583
0.001041,0.00036669
0.001042,0.00036755
0.001043,0.00036841
0.001044,0.00036928
0.001045,0.00037014
0.001046,0.000371
0.001047,0.00037186
0.001048,0.00037272
0.001049,0.00037358
0.00105,0.00037444
0.001051,0.0003753
0.001052,0.00037616
0.001053,0.00037702
0.001054,0.00037788
0.001055,0.00037874
0.001056,0.00037959
0.001057,0.00038045
0.001058,0.00038131
0.001059,0.00038216
0.00106,0.00038302
0.001061,0.00038387
0.001062,0.00038473
0.001063,0.00038558
0.001064,0.00038643
0.001065,0.00038728
0.001066,0.00038813
0.001067,0.00038899
0.001068,0.00038984
0.001069,0.00039068
0.00107,0.00039153
0.001071,0.00039238
0.001072,0.00039323
0.001073,0.00039407
0.001074,0.00039492
0.001075,0.00039577
0.001076,0.00039661
0.001077,0.00039745
0.001078,0.0003983
0.001079,0.00039914
0.00108,0.00039998
0.001081,0.00040082
0.001082,0.00040167
0.001083,0.00040251
0.001084,0.00040335
0.001085,0.00040419
0.001086,0.00040502
0.001087,0.00040586
0.001088,0.0004067
0.001089,0.00040754
0.00109,0.00040838
0.001091,0.00040921
0.001092,0.00041005
0.001093,0.00041089
0.001094,0.00041172
0.001095,0.00041256
0.001096,0.00041339
0.001097,0.00041423
0.001098,0.00041506
0.001099,0.0004159
0.0011,0.00041673
0.001101,0.00041757
0.001102,0.00041841
0.001103,0.00041924
0.001104,0.00042008
0.001105,0.00042091
0.001106,0.00042175
0.001107,0.00042258
0.001108,0.00042342
0.001109,0.00042426
0.00111,0.00042509
0.001111,0.00042593
0.001112,0.00042677
0.001113,0.00042761
0.001114,0.00042845
0.001115,0.00042929
0.001116,0.00043013
0.001117,0.00043097
0.001118,0.00043181
0.001119,0.00043266
0.00112,0.0004335
0.001121,0.00043435
0.001122,0.00043519
0.001123,0.00043604
0.001124,0.00043689
0.001125,0.00043774
0.001126,0.00043859
0.001127,0.00043944
0.001128,0.0004403
0.001129,0.00044115
0.00113,0.00044201
0.001131,0.00044287
0.001132,0.00044373
0.001133,0.00044459
0.001134,0.00044546
0.001135,0.00044632
0.001136,0.00044719
0.001137,0.00044806
0.001138,0.00044893
0.001139,0.00044981
0.00114,0.00045068
0.001141,0.00045156
0.001142,0.00045244
0.001143,0.00045332
0.001144,0.00045421
0.001145,0.0004551
0.001146,0.00045599
0.001147,0.00045688
0.001148,0.00045778
0.001149,0.00045867
0.00115,0.00045958
0.001151,0.00046048
0.001152,0.00046139
0.001153,0.0004623
0.001154,0.00046321
0.001155,0.00046412
0.001156,0.00046504
0.001157,0.00046597
0.001158,0.00046689
0.001159,0.00046782
0.00116,0.00046875
0.001161,0.00046969
0.001162,0.00047063
0.001163,0.00047157
0.001164,0.00047251
0.001165,0.00047346
0.001166,0.00047442
0.001167,0.00047537
0.001168,0.00047633
0.001169,0.0004773
0.00117,0.00047826
0.001171,0.00047924
0.001172,0.00048021
0.001173,0.00048119
0.001174,0.00048217
0.001175,0.00048316
0.001176,0.00048415
0.001177,0.00048515
0.001178,0.00048615
0.001179,0.00048715
0.00118,0.00048816
0.001181,0.00048917
0.001182,0.00049018
0.001183,0.0004912
0.001184,0.00049223
0.001185,0.00049325
0.001186,0.00049429
0.001187,0.00049532
0.001188,0.00049636
0.001189,0.00049741
0.00119,0.00049846
0.001191,0.00049951
0.001192,0.00050057
0.001193,0.00050163
0.001194,0.0005027
0.001195,0.00050377
0.001196,0.00050484
0.001197,0.00050592
0.001198,0.00050701
0.001199,0.0005081
0.0012,0.00050919
0.001201,0.00051029
0.001202,0.00051139
0.001203,0.00051249
0.001204,0.0005136
0.001205,0.00051472
0.001206,0.00051583
0.001207,0.00051696
0.001208,0.00051808
0.001209,0.00051921
0.00121,0.00052035
0.001211,0.00052149
0.001212,0.00052263
0.001213,0.00052378
0.001214,0.00052493
0.001215,0.00052609
0.001216,0.00052725
0.001217,0.00052841
0.001218,0.00052958
0.001219,0.00053075
0.00122,0.00053193
0.001221,0.00053311
0.001222,0.00053429
0.001223,0.00053548
0.001224,0.00053667
0.001225,0.00053786
0.001226,0.00053906
0.001227,0.00054026
0.001228,0.00054147
0.001229,0.00054268
0.00123,0.00054389
0.001231,0.0005451
0.001232,0.00054632
0.001233,0.00054755
0.001234,0.00054877
0.001235,0.00055
0.001236,0.00055123
0.001237,0.00055247
0.001238,0.00055371
0.001239,0.00055495
0.00124,0.00055619
0.001241,0.00055744
0.001242,0.00055869
0.001243,0.00055994
0.001244,0.0005612
0.001245,0.00056246
0.001246,0.00056372
0.001247,0.00056498
0.001248,0.00056625
0.001249,0.00056751
0.00125,0.00056878
0.001251,0.00057006
0.001252,0.00057133
0.001253,0.00057261
0.001254,0.00057389
0.001255,0.00057517
0.001256,0.00057645
0.001257,0.00057773
0.001258,0.00057902
0.001259,0.00058031
0.00126,0.0005816
0.001261,0.00058289
0.001262,0.00058418
0.001263,0.00058547
0.001264,0.00058677
0.001265,0.00058806
0.001266,0.00058936
0.001267,0.00059066
0.001268,0.00059196
0.001269,0.00059326
0.00127,0.00059456
0.001271,0.00059586
0.001272,0.00059717
0.001273,0.00059847
0.001274,0.00059978
0.001275,0.00060108
0.001276,0.00060239
0.001277,0.00060369
0.001278,0.000605
0.001279,0.00060631
0.00128,0.00060762
0.001281,0.00060892
0.001282,0.00061023
0.001283,0.00061154
0.001284,0.00061285
0.001285,0.00061415
0.001286,0.00061546
0.001287,0.00061677
0.001288,0.00061808
0.001289,0.00061938
0.00129,0.00062069
0.001291,0.000622
0.001292,0.00062331
0.001293,0.00062461
0.001294,0.00062592
0.001295,0.00062722
0.001296,0.00062853
0.001297,0.00062983
0.001298,0.00063114
0.001299,0.00063244
0.0013,0.00063374
0.001301,0.00063504
0.001302,0.00063634
0.001303,0.00063764
0.001304,0.00063894
0.001305,0.00064024
0.001306,0.00064154
0.001307,0.00064284
0.001308,0.00064414
0.001309,0.00064543
0.00131,0.00064673
0.001311,0.00064802
0.001312,0.00064931
0.001313,0.00065061
0.001314,0.0006519
0.001315,0.00065319
0.001316,0.00065448
0.001317,0.00065577
0.001318,0.00065706
0.001319,0.00065834
0.00132,0.00065963
0.001321,0.00066091
0.001322,0.0006622
0.001323,0.00066348
0.001324,0.00066477
0.001325,0.00066605
0.001326,0.00066733
0.001327,0.00066861
0.001328,0.00066989
0.001329,0.00067117
0.00133,0.00067245
0.001331,0.00067373
0.001332,0.00067501
0.001333,0.00067629
0.001334,0.00067756
0.001335,0.00067884
0.001336,0.00068012
0.001337,0.00068139
0.001338,0.00068267
0.001339,0.00068394
0.00134,0.00068522
0.001341,0.0006865
0.001342,0.00068777
0.001343,0.00068905
0.001344,0.00069032
0.001345,0.0006916
0.001346,0.00069287
0.001347,0.00069415
0.001348,0.00069543
0.001349,0.0006967
0.00135,0.00069798
0.001351,0.00069926
0.001352,0.00070054
0.001353,0.00070182
0.001354,0.0007031
0.001355,0.00070438
0.001356,0.00070566
0.001357,0.00070695
0.001358,0.00070823
0.001359,0.00070952
0.00136,0.0007108
0.001361,0.00071209
0.001362,0.00071338
0.001363,0.00071467
0.001364,0.00071597
0.001365,0.00071726
0.001366,0.00071856
0.001367,0.00071986
0.001368,0.00072116
0.001369,0.00072246
0.00137,0.00072377
0.001371,0.00072508
0.001372,0.00072639
0.001373,0.0007277
0.001374,0.00072902
0.001375,0.00073033
0.001376,0.00073165
0.001377,0.00073298
0.001378,0.00073431
0.001379,0.00073564
0.00138,0.00073697
0.001381,0.00073831
0.001382,0.00073965
0.001383,0.00074099
0.001384,0.00074234
0.001385,0.00074369
0.001386,0.00074505
0.001387,0.00074641
0.001388,0.00074777
0.001389,0.00074914
0.00139,0.00075051
0.001391,0.00075189
0.001392,0.00075327
0.001393,0.00075466
0.001394,0.00075605
0.001395,0.00075744
0.001396,0.00075884
0.001397,0.00076025
0.001398,0.00076166
0.001399,0.00076307
0.0014,0.00076449
0.001401,0.00076592
0.001402,0.00076735
0.001403,0.00076879
0.001404,0.00077023
0.001405,0.00077168
0.001406,0.00077313
0.001407,0.00077459
0.001408,0.00077606
0.001409,0.00077753
0.00141,0.00077901
0.001411,0.00078049
0.001412,0.00078198
0.001413,0.00078348
0.001414,0.00078498
0.001415,0.00078649
0.001416,0.00078801
0.001417,0.00078953
0.001418,0.00079106
0.001419,0.0007926
0.00142,0.00079414
0.001421,0.00079569
0.001422,0.00079725
0.001423,0.00079881
0.001424,0.00080038
0.001425,0.00080196
0.001426,0.00080354
0.001427,0.00080513
0.001428,0.00080673
0.001429,0.00080834
0.00143,0.00080995
0.001431,0.00081157
0.001432,0.0008132
0.001433,0.00081483
0.001434,0.00081647
0.001435,0.00081812
0.001436,0.00081978
0.001437,0.00082144
0.001438,0.00082312
0.001439,0.0008248
0.00144,0.00082648
0.001441,0.00082818
0.001442,0.00082988
0.001443,0.00083159
0.001444,0.0008333
0.001445,0.00083502
0.001446,0.00083676
0.001447,0.00083849
0.001448,0.00084024
0.001449,0.00084199
0.00145,0.00084375
0.001451,0.00084552
0.001452,0.00084729
0.001453,0.00084908
0.001454,0.00085087
0.001455,0.00085266
0.001456,0.00085447
0.001457,0.00085628
0.001458,0.0008581
0.001459,0.00085992
0.00146,0.00086175
0.001461,0.00086359
0.001462,0.00086544
0.001463,0.00086729
0.001464,0.00086915
0.001465,0.00087101
0.001466,0.00087289
0.001467,0.00087477
0.001468,0.00087665
0.001469,0.00087855
0.00147,0.00088044
0.001471,0.00088235
0.001472,0.00088426
0.001473,0.00088618
0.001474,0.0008881
0.001475,0.00089003
0.001476,0.00089197
0.001477,0.00089391
0.001478,0.00089585
0.001479,0.00089781
0.00148,0.00089977
0.001481,0.00090173
0.001482,0.0009037
0.001483,0.00090567
0.001484,0.00090765
0.001485,0.00090964
0.001486,0.00091163
0.001487,0.00091362
0.001488,0.00091562
0.001489,0.00091762
0.00149,0.00091963
0.001491,0.00092165
0.001492,0.00092366
0.001493,0.00092568
0.001494,0.00092771
0.001495,0.00092974
0.001496,0.00093177
0.001497,0.00093381
0.001498,0.00093585
0.001499,0.0009379
0.0015,0.00093994
0.001501,0.000942
0.001502,0.00094405
0.001503,0.00094611
0.001504,0.00094817
0.001505,0.00095023
0.001506,0.0009523
0.001507,0.00095437
0.001508,0.00095644
0.001509,0.00095851
0.00151,0.00096059
0.001511,0.00096267
0.001512,0.00096475
0.001513,0.00096683
0.001514,0.00096891
0.001515,0.000971
0.001516,0.00097309
0.001517,0.00097518
0.001518,0.00097727
0.001519,0.00097936
0.00152,0.00098145
0.001521,0.00098355
0.001522,0.00098564
0.001523,0.00098774
0.001524,0.00098983
0.001525,0.00099193
0.001526,0.00099403
0.001527,0.00099613
0.001528,0.00099823
0.001529,0.0010003
0.00153,0.0010024
0.001531,0.0010045
0.001532,0.0010066
0.001533,0.0010087
0.001534,0.0010108
0.001535,0.0010129
0.001536,0.001015
0.001537,0.0010171
0.001538,0.0010192
0.001539,0.0010213
0.00154,0.0010234
0.001541,0.0010255
0.001542,0.0010276
0.001543,0.0010297
0.001544,0.0010318
0.001545,0.0010339
0.001546,0.001036
0.001547,0.0010381
0.001548,0.0010402
0.001549,0.0010423
0.00155,0.0010444
0.001551,0.0010465
0.001552,0.0010486
0.001553,0.0010507
0.001554,0.0010528
0.001555,0.0010548
0.001556,0.0010569
0.001557,0.001059
0.001558,0.0010611
0.001559,0.0010632
0.00156,0.0010653
0.001561,0.0010674
0.001562,0.0010695
0.001563,0.0010715
0.001564,0.0010736
0.001565,0.0010757
0.001566,0.0010778
0.001567,0.0010799
0.001568,0.0010819
0.001569,0.001084
0.00157,0.0010861
0.001571,0.0010882
0.001572,0.0010903
0.001573,0.0010923
0.001574,0.0010944
0.001575,0.0010965
0.001576,0.0010986
0.001577,0.0011007
0.001578,0.0011028
0.001579,0.0011048
0.00158,0.0011069
0.001581,0.001109
0.001582,0.0011111
0.001583,0.0011132
0.001584,0.0011152
0.001585,0.0011173
0.001586,0.0011194
0.001587,0.0011215
0.001588,0.0011236
0.001589,0.0011257
0.00159,0.0011278
0.001591,0.0011299
0.001592,0.001132
0.001593,0.0011341
0.001594,0.0011362
0.001595,0.0011383
0.001596,0.0011404
0.001597,0.0011425
0.001598,0.0011446
0.001599,0.0011467
0.0016,0.0011488
0.001601,0.001151
0.001602,0.0011531
0.001603,0.0011552
0.001604,0.0011574
0.001605,0.0011595
0.001606,0.0011616
0.001607,0.0011638
0.001608,0.0011659
0.001609,0.0011681
0.00161,0.0011702
0.001611,0.0011724
0.001612,0.0011746
0.001613,0.0011768
0.001614,0.0011789
0.001615,0.0011811
0.001616,0.0011833
0.001617,0.0011855
0.001618,0.0011877
0.001619,0.0011899
0.00162,0.0011922
0.001621,0.0011944
0.001622,0.0011966
0.001623,0.0011989
0.001624,0.0012011
0.001625,0.0012034
0.001626,0.0012056
0.001627,0.0012079
0.001628,0.0012102
0.001629,0.0012125
0.00163,0.0012148
0.001631,0.0012171
0.001632,0.0012194
0.001633,0.0012217
0.001634,0.001224
0.001635,0.0012264
0.001636,0.0012287
0.001637,0.0012311
0.001638,0.0012335
0.001639,0.0012359
0.00164,0.0012383
0.001641,0.0012407
0.001642,0.0012431
0.001643,0.0012455
0.001644,0.0012479
0.001645,0.0012504
0.001646,0.0012528
0.001647,0.0012553
0.001648,0.0012578
0.001649,0.0012603
0.00165,0.0012628
0.001651,0.0012653
0.001652,0.0012678
0.001653,0.0012704
0.001654,0.0012729
0.001655,0.0012755
0.001656,0.0012781
0.001657,0.0012807
0.001658,0.0012833
0.001659,0.0012859
0.00166,0.0012885
0.001661,0.0012912
0.001662,0.0012939
0.001663,0.0012965
0.001664,0.0012992
0.001665,0.0013019
0.001666,0.0013046
0.001667,0.0013074
0.001668,0.0013101
0.001669,0.0013128
0.00167,0.0013156
0.001671,0.0013184
0.001672,0.0013212
0.001673,0.001324
0.001674,0.0013268
0.001675,0.0013297
0.001676,0.0013325
0.001677,0.0013354
0.001678,0.0013383
0.001679,0.0013412
0.00168,0.0013441
0.001681,0.001347
0.001682,0.0013499
0.001683,0.0013529
0.001684,0.0013559
0.001685,0.0013588
0.001686,0.0013618
0.001687,0.0013648
0.001688,0.0013679
0.001689,0.0013709
0.00169,0.0013739
0.001691,0.001377
0.001692,0.0013801
0.001693,0.0013832
0.001694,0.0013863
0.001695,0.0013894
0.001696,0.0013925
0.001697,0.0013957
0.001698,0.0013988
0.001699,0.001402
0.0017,0.0014052
0.001701,0.0014084
0.001702,0.0014116
0.001703,0.0014148
0.001704,0.0014181
0.001705,0.0014213
0.001706,0.0014246
0.001707,0.0014279
0.001708,0.0014311
0.001709,0.0014344
0.00171,0.0014378
0.001711,0.0014411
0.001712,0.0014444
0.001713,0.0014478
0.001714,0.0014511
0.001715,0.0014545
0.001716,0.0014579
0.001717,0.0014612
0.001718,0.0014646
0.001719,0.0014681
0.00172,0.0014715
0.001721,0.0014749
0.001722,0.0014783
0.001723,0.0014818
0.001724,0.0014852
0.001725,0.0014887
0.001726,0.0014922
0.001727,0.0014957
0.001728,0.0014992
0.001729,0.0015027
0.00173,0.0015062
0.001731,0.0015097
0.001732,0.0015132
0.001733,0.0015168
0.001734,0.0015203
0.001735,0.0015238
0.001736,0.0015274
0.001737,0.001531
0.001738,0.0015345
0.001739,0.0015381
0.00174,0.0015417
0.001741,0.0015453
0.001742,0.0015489
0.001743,0.0015525
0.001744,0.0015561
0.001745,0.0015597
0.001746,0.0015633
0.001747,0.0015669
0.001748,0.0015705
0.001749,0.0015741
0.00175,0.0015778
0.001751,0.0015814
0.001752,0.001585
0.001753,0.0015887
0.001754,0.0015923
0.001755,0.0015959
0.001756,0.0015996
0.001757,0.0016032
0.001758,0.0016069
0.001759,0.0016105
0.00176,0.0016142
0.001761,0.0016179
0.001762,0.0016215
0.001763,0.0016252
0.001764,0.0016288
0.001765,0.0016325
0.001766,0.0016362
0.001767,0.0016398
0.001768,0.0016435
0.001769,0.0016472
0.00177,0.0016508
0.001771,0.0016545
0.001772,0.0016582
0.001773,0.0016618
0.001774,0.0016655
0.001775,0.0016692
0.001776,0.0016728
0.001777,0.0016765
0.001778,0.0016802
0.001779,0.0016838
0.00178,0.0016875
0.001781,0.0016912
0.001782,0.0016948
0.001783,0.0016985
0.001784,0.0017022
0.001785,0.0017058
0.001786,0.0017095
0.001787,0.0017131
0.001788,0.0017168
0.001789,0.0017205
0.00179,0.0017241
0.001791,0.0017278
0.001792,0.0017314
0.001793,0.0017351
0.001794,0.0017388
0.001795,0.0017424
0.001796,0.0017461
0.001797,0.0017497
0.001798,0.0017534
0.001799,0.0017571
0.0018,0.0017607
0.001801,0.0017644
0.001802,0.001768
0.001803,0.0017717
0.001804,0.0017754
0.001805,0.001779
0.001806,0.0017827
0.001807,0.0017863
0.001808,0.00179
0.001809,0.0017937
0.00181,0.0017973
0.001811,0.001801
0.001812,0.0018047
0.001813,0.0018084
0.001814,0.001812
0.001815,0.0018157
0.001816,0.0018194
0.001817,0.0018231
0.001818,0.0018268
0.001819,0.0018304
0.00182,0.0018341
0.001821,0.0018378
0.001822,0.0018415
0.001823,0.0018452
0.001824,0.001849
0.001825,0.0018527
0.001826,0.0018564
0.001827,0.0018601
0.001828,0.0018638
0.001829,0.0018676
0.00183,0.0018713
0.001831,0.0018751
0.001832,0.0018788
0.001833,0.0018826
0.001834,0.0018864
0.001835,0.0018902
0.001836,0.0018939
0.001837,0.0018977
0.001838,0.0019015
0.001839,0.0019054
0.00184,0.0019092
0.001841,0.001913
0.001842,0.0019169
0.001843,0.0019207
0.001844,0.0019246
0.001845,0.0019285
0.001846,0.0019323
0.001847,0.0019362
0.001848,0.0019402
0.001849,0.0019441
0.00185,0.001948
0.001851,0.001952
0.001852,0.0019559
0.001853,0.0019599
0.001854,0.0019639
0.001855,0.0019679
0.001856,0.0019719
0.001857,0.001976
0.001858,0.00198
0.001859,0.0019841
0.00186,0.0019882
0.001861,0.0019923
0.001862,0.0019964
0.001863,0.0020005
0.001864,0.0020047
0.001865,0.0020089
0.001866,0.002013
0.001867,0.0020173
0.001868,0.0020215
0.001869,0.0020257
0.00187,0.00203
0.001871,0.0020343
0.001872,0.0020386
0.001873,0.0020429
0.001874,0.0020473
0.001875,0.0020516
0.001876,0.002056
0.001877,0.0020604
0.001878,0.0020648
0.001879,0.0020693
0.00188,0.0020738
0.001881,0.0020783
0.001882,0.0020828
0.001883,0.0020873
0.001884,0.0020919
0.001885,0.0020965
0.001886,0.0021011
0.001887,0.0021057
0.001888,0.0021104
0.001889,0.0021151
0.00189,0.0021198
0.001891,0.0021245
0.001892,0.0021292
0.001893,0.002134
0.001894,0.0021388
0.001895,0.0021437
0.001896,0.0021485
0.001897,0.0021534
0.001898,0.0021583
0.001899,0.0021632
0.0019,0.0021682
0.001901,0.0021731
0.001902,0.0021781
0.001903,0.0021832
0.001904,0.0021882
0.001905,0.0021933
0.001906,0.0021984
0.001907,0.0022035
0.001908,0.0022087
0.001909,0.0022139
0.00191,0.0022191
0.001911,0.0022243
0.001912,0.0022296
0.001913,0.0022348
0.001914,0.0022401
0.001915,0.0022455
0.001916,0.0022508
0.001917,0.0022562
0.001918,0.0022616
0.001919,0.002267
0.00192,0.0022725
0.001921,0.002278
0.001922,0.0022835
0.001923,0.002289
0.001924,0.0022945
0.001925,0.0023001
0.001926,0.0023057
0.001927,0.0023113
0.001928,0.0023169
0.001929,0.0023226
0.00193,0.0023283
0.001931,0.002334
0.001932,0.0023397
0.001933,0.0023455
0.001934,0.0023512
0.001935,0.002357
0.001936,0.0023628
0.001937,0.0023687
0.001938,0.0023745
0.001939,0.0023804
0.00194,0.0023863
0.001941,0.0023922
0.001942,0.0023981
0.001943,0.0024041
0.001944,0.00241
0.001945,0.002416
0.001946,0.002422
0.001947,0.002428
0.001948,0.002434
0.001949,0.0024401
0.00195,0.0024461
0.001951,0.0024522
0.001952,0.0024583
0.001953,0.0024644
0.001954,0.0024705
0.001955,0.0024767
0.001956,0.0024828
0.001957,0.002489
0.001958,0.0024951
0.001959,0.0025013
0.00196,0.0025075
0.001961,0.0025137
0.001962,0.0025199
0.001963,0.0025262
0.001964,0.0025324
0.001965,0.0025386
0.001966,0.0025449
0.001967,0.0025512
0.001968,0.0025574
0.001969,0.0025637
0.00197,0.00257
0.001971,0.0025763
0.001972,0.0025826
0.001973,0.0025889
0.001974,0.0025952
0.001975,0.0026015
0.001976,0.0026078
0.001977,0.0026141
0.001978,0.0026205
0.001979,0.0026268
0.00198,0.0026331
0.001981,0.0026395
0.001982,0.0026458
0.001983,0.0026522
0.001984,0.0026585
0.001985,0.0026649
0.001986,0.0026712
0.001987,0.0026776
0.001988,0.0026839
0.001989,0.0026903
0.00199,0.0026966
0.001991,0.002703
0.001992,0.0027093
0.001993,0.0027157
0.001994,0.002722
0.001995,0.0027284
0.001996,0.0027347
0.001997,0.0027411
0.001998,0.0027474
0.001999,0.0027538
0.002,0.0027601
0.002001,0.0027664
0.002002,0.0027728
0.002003,0.0027791
0.002004,0.0027855
0.002005,0.0027918
0.002006,0.0027981
0.002007,0.0028044
0.002008,0.0028108
0.002009,0.0028171
0.00201,0.0028234
0.002011,0.0028297
0.002012,0.002836
0.002013,0.0028423
0.002014,0.0028486
0.002015,0.0028549
0.002016,0.0028612
0.002017,0.0028675
0.002018,0.0028738
0.002019,0.0028801
0.00202,0.0028864
0.002021,0.0028927
0.002022,0.002899
0.002023,0.0029053
0.002024,0.0029116
0.002025,0.0029178
0.002026,0.0029241
0.002027,0.0029304
0.002028,0.0029367
0.002029,0.002943
0.00203,0.0029492
0.002031,0.0029555
0.002032,0.0029618
0.002033,0.0029681
0.002034,0.0029743
0.002035,0.0029806
0.002036,0.0029869
0.002037,0.0029932
0.002038,0.0029995
0.002039,0.0030058
0.00204,0.003012
0.002041,0.0030183
0.002042,0.0030246
0.002043,0.0030309
0.002044,0.0030372
0.002045,0.0030435
0.002046,0.0030498
0.002047,0.0030562
0.002048,0.0030625
0.002049,0.0030688
0.00205,0.0030751
0.002051,0.0030815
0.002052,0.0030878
0.002053,0.0030942
0.002054,0.0031005
0.002055,0.0031069
0.002056,0.0031133
0.002057,0.0031197
0.002058,0.0031261
0.002059,0.0031325
0.00206,0.0031389
0.002061,0.0031454
0.002062,0.0031518
0.002063,0.0031583
0.002064,0.0031647
0.002065,0.0031712
0.002066,0.0031777
0.002067,0.0031842
0.002068,0.0031908
0.002069,0.0031973
0.00207,0.0032039
0.002071,0.0032104
0.002072,0.003217
0.002073,0.0032236
0.002074,0.0032303
0.002075,0.0032369
0.002076,0.0032436
0.002077,0.0032503
0.002078,0.003257
0.002079,0.0032637
0.00208,0.0032704
0.002081,0.0032772
0.002082,0.003284
0.002083,0.0032908
0.002084,0.0032976
0.002085,0.0033045
0.002086,0.0033114
0.002087,0.0033183
0.002088,0.0033252
0.002089,0.0033321
0.00209,0.0033391
0.002091,0.0033461
0.002092,0.0033532
0.002093,0.0033602
0.002094,0.0033673
0.002095,0.0033744
0.002096,0.0033815
0.002097,0.0033887
0.002098,0.0033959
0.002099,0.0034031
0.0021,0.0034103
0.002101,0.0034176
0.002102,0.0034249
0.002103,0.0034322
0.002104,0.0034396
0.002105,0.003447
0.002106,0.0034544
0.002107,0.0034619
0.002108,0.0034694
0.002109,0.0034769
0.00211,0.0034844
0.002111,0.003492
0.002112,0.0034996
0.002113,0.0035072
0.002114,0.0035149
0.002115,0.0035226
0.002116,0.0035303
0.002117,0.0035381
0.002118,0.0035459
0.002119,0.0035537
0.00212,0.0035615
0.002121,0.0035694
0.002122,0.0035773
0.002123,0.0035853
0.002124,0.0035932
0.002125,0.0036013
0.002126,0.0036093
0.002127,0.0036174
0.002128,0.0036255
0.002129,0.0036336
0.00213,0.0036418
0.002131,0.00365
0.002132,0.0036582
0.002133,0.0036664
0.002134,0.0036747
0.002135,0.003683
0.002136,0.0036914
0.002137,0.0036997
0.002138,0.0037081
0.002139,0.0037166
0.00214,0.003725
0.002141,0.0037335
0.002142,0.003742
0.002143,0.0037505
0.002144,0.0037591
0.002145,0.0037677
0.002146,0.0037763
0.002147,0.0037849
0.002148,0.0037936
0.002149,0.0038023
0.00215,0.003811
0.002151,0.0038197
0.002152,0.0038285
0.002153,0.0038373
0.002154,0.0038461
0.002155,0.0038549
0.002156,0.0038638
0.002157,0.0038726
0.002158,0.0038815
0.002159,0.0038904
0.00216,0.0038994
0.002161,0.0039083
0.002162,0.0039173
0.002163,0.0039262
0.002164,0.0039352
0.002165,0.0039443
0.002166,0.0039533
0.002167,0.0039623
0.002168,0.0039714
0.002169,0.0039804
0.00217,0.0039895
0.002171,0.0039986
0.002172,0.0040077
0.002173,0.0040168
0.002174,0.004026
0.002175,0.0040351
0.002176,0.0040443
0.002177,0.0040534
0.002178,0.0040626
0.002179,0.0040717
0.00218,0.0040809
0.002181,0.0040901
0.002182,0.0040993
0.002183,0.0041085
0.002184,0.0041176
0.002185,0.0041268
0.002186,0.004136
0.002187,0.0041452
0.002188,0.0041544
0.002189,0.0041636
0.00219,0.0041728
0.002191,0.004182
0.002192,0.0041912
0.002193,0.0042004
0.002194,0.0042096
0.002195,0.0042188
0.002196,0.004228
0.002197,0.0042372
0.002198,0.0042464
0.002199,0.0042555
0.0022,0.0042647
0.002201,0.0042739
0.002202,0.004283
0.002203,0.0042922
0.002204,0.0043013
0.002205,0.0043104
0.002206,0.0043196
0.002207,0.0043287
0.002208,0.0043378
0.002209,0.0043469
0.00221,0.004356
0.002211,0.004365
0.002212,0.0043741
0.002213,0.0043831
0.002214,0.0043922
0.002215,0.0044012
0.002216,0.0044102
0.002217,0.0044192
0.002218,0.0044282
0.002219,0.0044372
0.00222,0.0044462
0.002221,0.0044551
0.002222,0.004464
0.002223,0.004473
0.002224,0.0044819
0.002225,0.0044908
0.002226,0.0044997
0.002227,0.0045085
0.002228,0.0045174
0.002229,0.0045262
0.00223,0.004535
0.002231,0.0045438
0.002232,0.0045526
0.002233,0.0045614
0.002234,0.0045702
0.002235,0.0045789
0.002236,0.0045877
0.002237,0.0045964
0.002238,0.0046051
0.002239,0.0046138
0.00224,0.0046225
0.002241,0.0046312
0.002242,0.0046398
0.002243,0.0046485
0.002244,0.0046571
0.002245,0.0046657
0.002246,0.0046743
0.002247,0.0046829
0.002248,0.0046915
0.002249,0.0047001
0.00225,0.0047087
0.002251,0.0047172
0.002252,0.0047258
0.002253,0.0047343
0.002254,0.0047428
0.002255,0.0047513
0.002256,0.0047598
0.002257,0.0047683
0.002258,0.0047768
0.002259,0.0047853
0.00226,0.0047938
0.002261,0.0048023
0.002262,0.0048107
0.002263,0.0048192
0.002264,0.0048276
0.002265,0.0048361
0.002266,0.0048445
0.002267,0.004853
0.002268,0.0048614
0.002269,0.0048698
0.00227,0.0048783
0.002271,0.0048867
0.002272,0.0048952
0.002273,0.0049036
0.002274,0.004912
0.002275,0.0049205
0.002276,0.0049289
0.002277,0.0049373
0.002278,0.0049458
0.002279,0.0049542
0.00228,0.0049627
0.002281,0.0049711
0.002282,0.0049796
0.002283,0.0049881
0.002284,0.0049965
0.002285,0.005005
0.002286,0.0050135
0.002287,0.005022
0.002288,0.0050305
0.002289,0.005039
0.00229,0.0050475
0.002291,0.0050561
0.002292,0.0050646
0.002293,0.0050731
0.002294,0.0050817
0.002295,0.0050903
0.002296,0.0050989
0.002297,0.0051075
0.002298,0.0051161
0.002299,0.0051247
0.0023,0.0051334
0.002301,0.0051421
0.002302,0.0051507
0.002303,0.0051594
0.002304,0.0051681
0.002305,0.0051769
0.002306,0.0051856
0.002307,0.0051944
0.002308,0.0052032
0.002309,0.005212
0.00231,0.0052208
0.002311,0.0052296
0.002312,0.0052385
0.002313,0.0052474
0.002314,0.0052563
0.002315,0.0052652
0.002316,0.0052741
0.002317,0.0052831
0.002318,0.0052921
0.002319,0.0053011
0.00232,0.0053101
0.002321,0.0053192
0.002322,0.0053283
0.002323,0.0053374
0.002324,0.0053465
0.002325,0.0053556
0.002326,0.0053648
0.002327,0.005374
0.002328,0.0053832
0.002329,0.0053924
0.00233,0.0054017
0.002331,0.005411
0.002332,0.0054203
0.002333,0.0054296
0.002334,0.005439
0.002335,0.0054483
0.002336,0.0054577
0.002337,0.0054672
0.002338,0.0054766
0.002339,0.0054861
0.00234,0.0054956
0.002341,0.0055051
0.002342,0.0055146
0.002343,0.0055242
0.002344,0.0055338
0.002345,0.0055434
0.002346,0.005553
0.002347,0.0055627
0.002348,0.0055723
0.002349,0.005582
0.00235,0.0055917
0.002351,0.0056015
0.002352,0.0056112
0.002353,0.005621
0.002354,0.0056308
0.002355,0.0056406
0.002356,0.0056504
0.002357,0.0056603
0.002358,0.0056702
0.002359,0.00568
0.00236,0.0056899
0.002361,0.0056999
0.002362,0.0057098
0.002363,0.0057197
0.002364,0.0057297
0.002365,0.0057397
0.002366,0.0057497
0.002367,0.0057597
0.002368,0.0057697
0.002369,0.0057797
0.00237,0.0057897
0.002371,0.0057998
0.002372,0.0058099
0.002373,0.0058199
0.002374,0.00583
0.002375,0.0058401
0.002376,0.0058502
0.002377,0.0058603
0.002378,0.0058704
0.002379,0.0058805
0.00238,0.0058906
0.002381,0.0059008
0.002382,0.0059109
0.002383,0.005921
0.002384,0.0059311
0.002385,0.0059413
0.002386,0.0059514
0.002387,0.0059616
0.002388,0.0059717
0.002389,0.0059818
0.00239,0.005992
0.002391,0.0060021
0.002392,0.0060122
0.002393,0.0060223
0.002394,0.0060324
0.002395,0.0060426
0.002396,0.0060527
0.002397,0.0060628
0.002398,0.0060728
0.002399,0.0060829
0.0024,0.006093
0.002401,0.0061031
0.002402,0.0061131
0.002403,0.0061231
0.002404,0.0061332
0.002405,0.0061432
0.002406,0.0061532
0.002407,0.0061632
0.002408,0.0061732
0.002409,0.0061831
0.00241,0.0061931
0.002411,0.006203
0.002412,0.0062129
0.002413,0.0062228
0.002414,0.0062326
0.002415,0.0062425
0.002416,0.0062523
0.002417,0.0062622
0.002418,0.0062719
0.002419,0.0062817
0.00242,0.0062915
0.002421,0.0063012
0.002422,0.0063109
0.002423,0.0063206
0.002424,0.0063302
0.002425,0.0063399
0.002426,0.0063495
0.002427,0.0063591
0.002428,0.0063686
0.002429,0.0063782
0.00243,0.0063877
0.002431,0.0063972
0.002432,0.0064066
0.002433,0.006416
0.002434,0.0064254
0.002435,0.0064348
0.002436,0.0064442
0.002437,0.0064535
0.002438,0.0064628
0.002439,0.006472
0.00244,0.0064813
0.002441,0.0064905
0.002442,0.0064996
0.002443,0.0065088
0.002444,0.0065179
0.002445,0.006527
0.002446,0.006536
0.002447,0.006545
0.002448,0.006554
0.002449,0.006563
0.00245,0.0065719
0.002451,0.0065808
0.002452,0.0065897
0.002453,0.0065986
0.002454,0.0066074
0.002455,0.0066162
0.002456,0.0066249
0.002457,0.0066337
0.002458,0.0066424
0.002459,0.006651
0.00246,0.0066597
0.002461,0.0066683
0.002462,0.0066769
0.002463,0.0066854
0.002464,0.006694
0.002465,0.0067025
0.002466,0.006711
0.002467,0.0067194
0.002468,0.0067278
0.002469,0.0067362
0.00247,0.0067446
0.002471,0.0067529
0.002472,0.0067613
0.002473,0.0067695
0.002474,0.0067778
0.002475,0.0067861
0.002476,0.0067943
0.002477,0.0068025
0.002478,0.0068107
0.002479,0.0068188
0.00248,0.0068269
0.002481,0.0068351
0.002482,0.0068432
0.002483,0.0068512
0.002484,0.0068593
0.002485,0.0068673
0.002486,0.0068753
0.002487,0.0068833
0.002488,0.0068913
0.002489,0.0068993
0.00249,0.0069072
0.002491,0.0069151
0.002492,0.006923
0.002493,0.0069309
0.002494,0.0069388
0.002495,0.0069467
0.002496,0.0069546
0.002497,0.0069624
0.002498,0.0069702
0.002499,0.0069781
0.0025,0.0069859
0.002501,0.0069937
0.002502,0.0070015
0.002503,0.0070093
0.002504,0.007017
0.002505,0.0070248
0.002506,0.0070326
0.002507,0.0070403
0.002508,0.0070481
0.002509,0.0070558
0.00251,0.0070636
0.002511,0.0070713
0.002512,0.007079
0.002513,0.0070868
0.002514,0.0070945
0.002515,0.0071022
0.002516,0.00711
0.002517,0.0071177
0.002518,0.0071254
0.002519,0.0071331
0.00252,0.0071409
0.002521,0.0071486
0.002522,0.0071563
0.002523,0.0071641
0.002524,0.0071718
0.002525,0.0071795
0.002526,0.0071873
0.002527,0.007195
0.002528,0.0072028
0.002529,0.0072106
0.00253,0.0072183
0.002531,0.0072261
0.002532,0.0072339
0.002533,0.0072417
0.002534,0.0072495
0.002535,0.0072573
0.002536,0.0072651
0.002537,0.0072729
0.002538,0.0072807
0.002539,0.0072886
0.00254,0.0072964
0.002541,0.0073043
0.002542,0.0073121
0.002543,0.00732
0.002544,0.0073279
0.002545,0.0073358
0.002546,0.0073437
0.002547,0.0073516
0.002548,0.0073596
0.002549,0.0073675
0.00255,0.0073755
0.002551,0.0073834
0.002552,0.0073914
0.002553,0.0073994
0.002554,0.0074074
0.002555,0.0074154
0.002556,0.0074234
0.002557,0.0074315
0.002558,0.0074395
0.002559,0.0074476
0.00256,0.0074557
0.002561,0.0074637
0.002562,0.0074718
0.002563,0.0074799
0.002564,0.0074881
0.002565,0.0074962
0.002566,0.0075043
0.002567,0.0075125
0.002568,0.0075207
0.002569,0.0075288
0.00257,0.007537
0.002571,0.0075452
0.002572,0.0075534
0.002573,0.0075617
0.002574,0.0075699
0.002575,0.0075781
0.002576,0.0075864
0.002577,0.0075946
0.002578,0.0076029
0.002579,0.0076112
0.00258,0.0076195
0.002581,0.0076278
0.002582,0.0076361
0.002583,0.0076444
0.002584,0.0076527
0.002585,0.007661
0.002586,0.0076693
0.002587,0.0076777
0.002588,0.007686
0.002589,0.0076943
0.00259,0.0077027
0.002591,0.007711
0.002592,0.0077194
0.002593,0.0077277
0.002594,0.0077361
0.002595,0.0077445
0.002596,0.0077528
0.002597,0.0077612
0.002598,0.0077696
0.002599,0.0077779
0.0026,0.0077863
0.002601,0.0077946
0.002602,0.007803
0.002603,0.0078114
0.002604,0.0078197
0.002605,0.0078281
0.002606,0.0078364
0.002607,0.0078448
0.002608,0.0078531
0.002609,0.0078614
0.00261,0.0078698
0.002611,0.0078781
0.002612,0.0078864
0.002613,0.0078947
0.002614,0.007903
0.002615,0.0079113
0.002616,0.0079196
0.002617,0.0079279
0.002618,0.0079361
0.002619,0.0079444
0.00262,0.0079526
0.002621,0.0079608
0.002622,0.0079691
0.002623,0.0079773
0.002624,0.0079854
0.002625,0.0079936
0.002626,0.0080018
0.002627,0.0080099
0.002628,0.0080181
0.002629,0.0080262
0.00263,0.0080343
0.002631,0.0080423
0.002632,0.0080504
0.002633,0.0080585
0.002634,0.0080665
0.002635,0.0080745
0.002636,0.0080825
0.002637,0.0080904
0.002638,0.0080984
0.002639,0.0081063
0.00264,0.0081142
0.002641,0.0081221
0.002642,0.00813
0.002643,0.0081378
0.002644,0.0081456
0.002645,0.0081534
0.002646,0.0081612
0.002647,0.0081689
0.002648,0.0081766
0.002649,0.0081843
0.00265,0.008192
0.002651,0.0081997
0.002652,0.0082073
0.002653,0.0082149
0.002654,0.0082224
0.002655,0.00823
0.002656,0.0082375
0.002657,0.008245
0.002658,0.0082525
0.002659,0.0082599
0.00266,0.0082673
0.002661,0.0082747
0.002662,0.0082821
0.002663,0.0082894
0.002664,0.0082967
0.002665,0.008304
0.002666,0.0083112
0.002667,0.0083184
0.002668,0.0083256
0.002669,0.0083328
0.00267,0.0083399
0.002671,0.008347
0.002672,0.0083541
0.002673,0.0083611
0.002674,0.0083681
0.002675,0.0083751
0.002676,0.0083821
0.002677,0.008389
0.002678,0.0083959
0.002679,0.0084028
0.00268,0.0084096
0.002681,0.0084165
0.002682,0.0084233
0.002683,0.00843
0.002684,0.0084368
0.002685,0.0084435
0.002686,0.0084502
0.002687,0.0084568
0.002688,0.0084634
0.002689,0.0084701
0.00269,0.0084766
0.002691,0.0084832
0.002692,0.0084897
0.002693,0.0084962
0.002694,0.0085027
0.002695,0.0085091
0.002696,0.0085156
0.002697,0.008522
0.002698,0.0085283
0.002699,0.0085347
0.0027,0.008541
0.002701,0.0085473
0.002702,0.0085536
0.002703,0.0085599
0.002704,0.0085661
0.002705,0.0085723
0.002706,0.0085785
0.002707,0.0085847
0.002708,0.0085908
0.002709,0.008597
0.00271,0.0086031
0.002711,0.0086092
0.002712,0.0086152
0.002713,0.0086213
0.002714,0.0086273
0.002715,0.0086333
0.002716,0.0086393
0.002717,0.0086453
0.002718,0.0086513
0.002719,0.0086573
0.00272,0.0086632
0.002721,0.0086691
0.002722,0.008675
0.002723,0.0086809
0.002724,0.0086868
0.002725,0.0086927
0.002726,0.0086985
0.002727,0.0087044
0.002728,0.0087102
0.002729,0.008716
0.00273,0.0087218
0.002731,0.0087276
0.002732,0.0087334
0.002733,0.0087392
0.002734,0.008745
0.002735,0.0087507
0.002736,0.0087565
0.002737,0.0087623
0.002738,0.008768
0.002739,0.0087737
0.00274,0.0087795
0.002741,0.0087852
0.002742,0.0087909
0.002743,0.0087966
0.002744,0.0088024
0.002745,0.0088081
0.002746,0.0088138
0.002747,0.0088195
0.002748,0.0088252
0.002749,0.0088309
0.00275,0.0088366
0.002751,0.0088423
0.002752,0.008848
0.002753,0.0088537
0.002754,0.0088594
0.002755,0.0088651
0.002756,0.0088708
0.002757,0.0088766
0.002758,0.0088823
0.002759,0.008888
0.00276,0.0088937
0.002761,0.0088994
0.002762,0.0089052
0.002763,0.0089109
0.002764,0.0089166
0.002765,0.0089224
0.002766,0.0089281
0.002767,0.0089339
0.002768,0.0089396
0.002769,0.0089454
0.00277,0.0089512
0.002771,0.008957
0.002772,0.0089628
0.002773,0.0089686
0.002774,0.0089744
0.002775,0.0089802
0.002776,0.008986
0.002777,0.0089918
0.002778,0.0089977
0.002779,0.0090035
0.00278,0.0090094
0.002781,0.0090153
0.002782,0.0090211
0.002783,0.009027
0.002784,0.0090329
0.002785,0.0090388
0.002786,0.0090447
0.002787,0.0090507
0.002788,0.0090566
0.002789,0.0090626
0.00279,0.0090685
0.002791,0.0090745
0.002792,0.0090805
0.002793,0.0090865
0.002794,0.0090925
0.002795,0.0090985
0.002796,0.0091045
0.002797,0.0091106
0.002798,0.0091166
0.002799,0.0091227
0.0028,0.0091287
0.002801,0.0091348
0.002802,0.0091409
0.002803,0.009147
0.002804,0.0091531
0.002805,0.0091593
0.002806,0.0091654
0.002807,0.0091715
0.002808,0.0091777
0.002809,0.0091839
0.00281,0.00919
0.002811,0.0091962
0.002812,0.0092024
0.002813,0.0092086
0.002814,0.0092148
0.002815,0.009221
0.002816,0.0092273
0.002817,0.0092335
0.002818,0.0092398
0.002819,0.009246
0.00282,0.0092523
0.002821,0.0092586
0.002822,0.0092648
0.002823,0.0092711
0.002824,0.0092774
0.002825,0.0092837
0.002826,0.00929
0.002827,0.0092963
0.002828,0.0093027
0.002829,0.009309
0.00283,0.0093153
0.002831,0.0093216
0.002832,0.009328
0.002833,0.0093343
0.002834,0.0093407
0.002835,0.009347
0.002836,0.0093534
0.002837,0.0093597
0.002838,0.0093661
0.002839,0.0093725
0.00284,0.0093788
0.002841,0.0093852
0.002842,0.0093916
0.002843,0.0093979
0.002844,0.0094043
0.002845,0.0094107
0.002846,0.009417
0.002847,0.0094234
0.002848,0.0094298
0.002849,0.0094361
0.00285,0.0094425
0.002851,0.0094489
0.002852,0.0094552
0.002853,0.0094616
0.002854,0.0094679
0.002855,0.0094743
0.002856,0.0094806
0.002857,0.009487
0.002858,0.0094933
0.002859,0.0094996
0.00286,0.009506
0.002861,0.0095123
0.002862,0.0095186
0.002863,0.0095249
0.002864,0.0095312
0.002865,0.0095375
0.002866,0.0095438
0.002867,0.0095501
0.002868,0.0095563
0.002869,0.0095626
0.00287,0.0095689
0.002871,0.0095751
0.002872,0.0095813
0.002873,0.0095876
0.002874,0.0095938
0.002875,0.0096
0.002876,0.0096062
0.002877,0.0096124
0.002878,0.0096185
0.002879,0.0096247
0.00288,0.0096308
0.002881,0.009637
0.002882,0.0096431
0.002883,0.0096492
0.002884,0.0096553
0.002885,0.0096614
0.002886,0.0096675
0.002887,0.0096735
0.002888,0.0096796
0.002889,0.0096856
0.00289,0.0096916
0.002891,0.0096977
0.002892,0.0097036
0.002893,0.0097096
0.002894,0.0097156
0.002895,0.0097215
0.002896,0.0097275
0.002897,0.0097334
0.002898,0.0097393
0.002899,0.0097451
0.0029,0.009751
0.002901,0.0097569
0.002902,0.0097627
0.002903,0.0097685
0.002904,0.0097743
0.002905,0.0097801
0.002906,0.0097859
0.002907,0.0097916
0.002908,0.0097974
0.002909,0.0098031
0.00291,0.0098088
0.002911,0.0098145
0.002912,0.0098201
0.002913,0.0098258
0.002914,0.0098314
0.002915,0.009837
0.002916,0.0098426
0.002917,0.0098482
0.002918,0.0098538
0.002919,0.0098593
0.00292,0.0098648
0.002921,0.0098704
0.002922,0.0098759
0.002923,0.0098813
0.002924,0.0098868
0.002925,0.0098922
0.002926,0.0098977
0.002927,0.0099031
0.002928,0.0099085
0.002929,0.0099138
0.00293,0.0099192
0.002931,0.0099245
0.002932,0.0099299
0.002933,0.0099352
0.002934,0.0099405
0.002935,0.0099457
0.002936,0.009951
0.002937,0.0099562
0.002938,0.0099615
0.002939,0.0099667
0.00294,0.0099719
0.002941,0.009977
0.002942,0.0099822
0.002943,0.0099874
0.002944,0.0099925
0.002945,0.0099976
0.002946,0.010003
0.002947,0.010008
0.002948,0.010013
0.002949,0.010018
0.00295,0.010023
0.002951,0.010028
0.002952,0.010033
0.002953,0.010038
0.002954,0.010043
0.002955,0.010048
0.002956,0.010053
0.002957,0.010058
0.002958,0.010063
0.002959,0.010068
0.00296,0.010073
0.002961,0.010078
0.002962,0.010082
0.002963,0.010087
0.002964,0.010092
0.002965,0.010097
0.002966,0.010102
0.002967,0.010107
0.002968,0.010112
0.002969,0.010116
0.00297,0.010121
0.002971,0.010126
0.002972,0.010131
0.002973,0.010136
0.002974,0.01014
0.002975,0.010145
0.002976,0.01015
0.002977,0.010155
0.002978,0.010159
0.002979,0.010164
0.00298,0.010169
0.002981,0.010174
0.002982,0.010178
0.002983,0.010183
0.002984,0.010188
0.002985,0.010192
0.002986,0.010197
0.002987,0.010202
0.002988,0.010206
0.002989,0.010211
0.00299,0.010216
0.002991,0.010221
0.002992,0.010225
0.002993,0.01023
0.002994,0.010235
0.002995,0.010239
0.002996,0.010244
0.002997,0.010248
0.002998,0.010253
0.002999,0.010258
0.003,0.010262
0.003001,0.010267
0.003002,0.010272
0.003003,0.010276
0.003004,0.010281
0.003005,0.010286
0.003006,0.01029
0.003007,0.010295
0.003008,0.0103
0.003009,0.010304
0.00301,0.010309
0.003011,0.010314
0.003012,0.010318
0.003013,0.010323
0.003014,0.010328
0.003015,0.010332
0.003016,0.010337
0.003017,0.010342
0.003018,0.010346
0.003019,0.010351
0.00302,0.010356
0.003021,0.01036
0.003022,0.010365
0.003023,0.01037
0.003024,0.010375
0.003025,0.010379
0.003026,0.010384
0.003027,0.010389
0.003028,0.010393
0.003029,0.010398
0.00303,0.010403
0.003031,0.010408
0.003032,0.010412
0.003033,0.010417
0.003034,0.010422
0.003035,0.010427
0.003036,0.010431
0.003037,0.010436
0.003038,0.010441
0.003039,0.010446
0.00304,0.010451
0.003041,0.010455
0.003042,0.01046
0.003043,0.010465
0.003044,0.01047
0.003045,0.010475
0.003046,0.01048
0.003047,0.010484
0.003048,0.010489
0.003049,0.010494
0.00305,0.010499
0.003051,0.010504
0.003052,0.010509
0.003053,0.010514
0.003054,0.010518
0.003055,0.010523
0.003056,0.010528
0.003057,0.010533
0.003058,0.010538
0.003059,0.010543
0.00306,0.010548
0.003061,0.010553
0.003062,0.010558
0.003063,0.010563
0.003064,0.010568
0.003065,0.010573
0.003066,0.010578
0.003067,0.010583
0.003068,0.010588
0.003069,0.010593
0.00307,0.010598
0.003071,0.010603
0.003072,0.010608
0.003073,0.010613
0.003074,0.010618
0.003075,0.010623
0.003076,0.010628
0.003077,0.010633
0.003078,0.010638
0.003079,0.010643
0.00308,0.010648
0.003081,0.010653
0.003082,0.010658
0.003083,0.010663
0.003084,0.010668
0.003085,0.010673
0.003086,0.010678
0.003087,0.010683
0.003088,0.010688
0.003089,0.010693
0.00309,0.010698
0.003091,0.010703
0.003092,0.010708
0.003093,0.010713
0.003094,0.010718
0.003095,0.010723
0.003096,0.010729
0.003097,0.010734
0.003098,0.010739
0.003099,0.010744
0.0031,0.010749
0.003101,0.010754
0.003102,0.010759
0.003103,0.010764
0.003104,0.010769
0.003105,0.010774
0.003106,0.010779
0.003107,0.010784
0.003108,0.010789
0.003109,0.010794
0.00311,0.010799
0.003111,0.010804
0.003112,0.010809
0.003113,0.010814
0.003114,0.010819
0.003115,0.010824
0.003116,0.010829
0.003117,0.010834
0.003118,0.010839
0.003119,0.010844
0.00312,0.010849
0.003121,0.010854
0.003122,0.010859
0.003123,0.010863
0.003124,0.010868
0.003125,0.010873
0.003126,0.010878
0.003127,0.010883
0.003128,0.010888
0.003129,0.010893
0.00313,0.010898
0.003131,0.010902
0.003132,0.010907
0.003133,0.010912
0.003134,0.010917
0.003135,0.010921
0.003136,0.010926
0.003137,0.010931
0.003138,0.010936
0.003139,0.01094
0.00314,0.010945
0.003141,0.01095
0.003142,0.010954
0.003143,0.010959
0.003144,0.010964
0.003145,0.010968
0.003146,0.010973
0.003147,0.010977
0.003148,0.010982
0.003149,0.010987
0.00315,0.010991
0.003151,0.010996
0.003152,0.011
0.003153,0.011005
0.003154,0.011009
0.003155,0.011013
0.003156,0.011018
0.003157,0.011022
0.003158,0.011027
0.003159,0.011031
0.00316,0.011035
0.003161,0.01104
0.003162,0.011044
0.003163,0.011048
0.003164,0.011052
0.003165,0.011057
0.003166,0.011061
0.003167,0.011065
0.003168,0.011069
0.003169,0.011073
0.00317,0.011077
0.003171,0.011082
0.003172,0.011086
0.003173,0.01109
0.003174,0.011094
0.003175,0.011098
0.003176,0.011102
0.003177,0.011106
0.003178,0.01111
0.003179,0.011113
0.00318,0.011117
0.003181,0.011121
0.003182,0.011125
0.003183,0.011129
0.003184,0.011133
0.003185,0.011136
0.003186,0.01114
0.003187,0.011144
0.003188,0.011147
0.003189,0.011151
0.00319,0.011155
0.003191,0.011158
0.003192,0.011162
0.003193,0.011166
0.003194,0.011169
0.003195,0.011173
0.003196,0.011176
0.003197,0.011179
0.003198,0.011183
0.003199,0.011186
0.0032,0.01119
0.003201,0.011193
0.003202,0.011196
0.003203,0.0112
0.003204,0.011203
0.003205,0.011206
0.003206,0.01121
0.003207,0.011213
0.003208,0.011216
0.003209,0.011219
0.00321,0.011222
0.003211,0.011225
0.003212,0.011228
0.003213,0.011232
0.003214,0.011235
0.003215,0.011238
0.003216,0.011241
0.003217,0.011244
0.003218,0.011246
0.003219,0.011249
0.00322,0.011252
0.003221,0.011255
0.003222,0.011258
0.003223,0.011261
0.003224,0.011264
0.003225,0.011266
0.003226,0.011269
0.003227,0.011272
0.003228,0.011275
0.003229,0.011277
0.00323,0.01128
0.003231,0.011283
0.003232,0.011285
0.003233,0.011288
0.003234,0.011291
0.003235,0.011293
0.003236,0.011296
0.003237,0.011298
0.003238,0.011301
0.003239,0.011303
0.00324,0.011306
0.003241,0.011308
0.003242,0.011311
0.003243,0.011313
0.003244,0.011315
0.003245,0.011318
0.003246,0.01132
0.003247,0.011322
0.003248,0.011325
0.003249,0.011327
0.00325,0.011329
0.003251,0.011332
0.003252,0.011334
0.003253,0.011336
0.003254,0.011338
0.003255,0.011341
0.003256,0.011343
0.003257,0.011345
0.003258,0.011347
0.003259,0.011349
0.00326,0.011351
0.003261,0.011353
0.003262,0.011355
0.003263,0.011358
0.003264,0.01136
0.003265,0.011362
0.003266,0.011364
0.003267,0.011366
0.003268,0.011368
0.003269,0.01137
0.00327,0.011372
0.003271,0.011374
0.003272,0.011376
0.003273,0.011378
0.003274,0.01138
0.003275,0.011381
0.003276,0.011383
0.003277,0.011385
0.003278,0.011387
0.003279,0.011389
0.00328,0.011391
0.003281,0.011393
0.003282,0.011395
0.003283,0.011396
0.003284,0.011398
0.003285,0.0114
0.003286,0.011402
0.003287,0.011404
0.003288,0.011405
0.003289,0.011407
0.00329,0.011409
0.003291,0.011411
0.003292,0.011413
0.003293,0.011414
0.003294,0.011416
0.003295,0.011418
0.003296,0.011419
0.003297,0.011421
0.003298,0.011423
0.003299,0.011425
0.0033,0.011426
0.003301,0.011428
0.003302,0.01143
0.003303,0.011431
0.003304,0.011433
0.003305,0.011435
0.003306,0.011436
0.003307,0.011438
0.003308,0.01144
0.003309,0.011441
0.00331,0.011443
0.003311,0.011444
0.003312,0.011446
0.003313,0.011448
0.003314,0.011449
0.003315,0.011451
0.003316,0.011452
0.003317,0.011454
0.003318,0.011456
0.003319,0.011457
0.00332,0.011459
0.003321,0.01146
0.003322,0.011462
0.003323,0.011463
0.003324,0.011465
0.003325,0.011466
0.003326,0.011468
0.003327,0.011469
0.003328,0.011471
0.003329,0.011472
0.00333,0.011474
0.003331,0.011475
0.003332,0.011477
0.003333,0.011478
0.003334,0.01148
0.003335,0.011481
0.003336,0.011483
0.003337,0.011484
0.003338,0.011485
0.003339,0.011487
0.00334,0.011488
0.003341,0.01149
0.003342,0.011491
0.003343,0.011492
0.003344,0.011494
0.003345,0.011495
0.003346,0.011496
0.003347,0.011498
0.003348,0.011499
0.003349,0.0115
0.00335,0.011502
0.003351,0.011503
0.003352,0.011504
0.003353,0.011506
0.003354,0.011507
0.003355,0.011508
0.003356,0.01151
0.003357,0.011511
0.003358,0.011512
0.003359,0.011513
0.00336,0.011514
0.003361,0.011516
0.003362,0.011517
0.003363,0.011518
0.003364,0.011519
0.003365,0.01152
0.003366,0.011521
0.003367,0.011523
0.003368,0.011524
0.003369,0.011525
0.00337,0.011526
0.003371,0.011527
0.003372,0.011528
0.003373,0.011529
0.003374,0.01153
0.003375,0.011531
0.003376,0.011532
0.003377,0.011533
0.003378,0.011534
0.003379,0.011535
0.00338,0.011536
0.003381,0.011537
0.003382,0.011538
0.003383,0.011539
0.003384,0.01154
0.003385,0.01154
0.003386,0.011541
0.003387,0.011542
0.003388,0.011543
0.003389,0.011544
0.00339,0.011544
0.003391,0.011545
0.003392,0.011546
0.003393,0.011547
0.003394,0.011547
0.003395,0.011548
0.003396,0.011549
0.003397,0.011549
0.003398,0.01155
0.003399,0.011551
0.0034,0.011551
0.003401,0.011552
0.003402,0.011552
0.003403,0.011553
0.003404,0.011553
0.003405,0.011554
0.003406,0.011554
0.003407,0.011555
0.003408,0.011555
0.003409,0.011556
0.00341,0.011556
0.003411,0.011556
0.003412,0.011557
0.003413,0.011557
0.003414,0.011557
0.003415,0.011558
0.003416,0.011558
0.003417,0.011558
0.003418,0.011558
0.003419,0.011559
0.00342,0.011559
0.003421,0.011559
0.003422,0.011559
0.003423,0.011559
0.003424,0.011559
0.003425,0.011559
0.003426,0.011559
0.003427,0.011559
0.003428,0.011559
0.003429,0.011559
0.00343,0.011559
0.003431,0.011559
0.003432,0.011559
0.003433,0.011559
0.003434,0.011559
0.003435,0.011559
0.003436,0.011558
0.003437,0.011558
0.003438,0.011558
0.003439,0.011558
0.00344,0.011557
0.003441,0.011557
0.003442,0.011557
0.003443,0.011556
0.003444,0.011556
0.003445,0.011556
0.003446,0.011555
0.003447,0.011555
0.003448,0.011554
0.003449,0.011554
0.00345,0.011553
0.003451,0.011553
0.003452,0.011552
0.003453,0.011551
0.003454,0.011551
0.003455,0.01155
0.003456,0.01155
0.003457,0.011549
0.003458,0.011548
0.003459,0.011547
0.00346,0.011547
0.003461,0.011546
0.003462,0.011545
0.003463,0.011544
0.003464,0.011543
0.003465,0.011543
0.003466,0.011542
0.003467,0.011541
0.003468,0.01154
0.003469,0.011539
0.00347,0.011538
0.003471,0.011537
0.003472,0.011536
0.003473,0.011535
0.003474,0.011534
0.003475,0.011533
0.003476,0.011532
0.003477,0.011531
0.003478,0.011529
0.003479,0.011528
0.00348,0.011527
0.003481,0.011526
0.003482,0.011525
0.003483,0.011523
0.003484,0.011522
0.003485,0.011521
0.003486,0.01152
0.003487,0.011518
0.003488,0.011517
0.003489,0.011516
0.00349,0.011514
0.003491,0.011513
0.003492,0.011511
0.003493,0.01151
0.003494,0.011508
0.003495,0.011507
0.003496,0.011506
0.003497,0.011504
0.003498,0.011503
0.003499,0.011501
0.0035,0.011499
0.003501,0.011498
0.003502,0.011496
0.003503,0.011495
0.003504,0.011493
0.003505,0.011491
0.003506,0.01149
0.003507,0.011488
0.003508,0.011486
0.003509,0.011485
0.00351,0.011483
0.003511,0.011481
0.003512,0.01148
0.003513,0.011478
0.003514,0.011476
0.003515,0.011474
0.003516,0.011473
0.003517,0.011471
0.003518,0.011469
0.003519,0.011467
0.00352,0.011465
0.003521,0.011463
0.003522,0.011462
0.003523,0.01146
0.003524,0.011458
0.003525,0.011456
0.003526,0.011454
0.003527,0.011452
0.003528,0.01145
0.003529,0.011448
0.00353,0.011446
0.003531,0.011444
0.003532,0.011442
0.003533,0.01144
0.003534,0.011438
0.003535,0.011436
0.003536,0.011434
0.003537,0.011432
0.003538,0.01143
0.003539,0.011428
0.00354,0.011426
0.003541,0.011424
0.003542,0.011422
0.003543,0.01142
0.003544,0.011418
0.003545,0.011416
0.003546,0.011414
0.003547,0.011412
0.003548,0.01141
0.003549,0.011408
0.00355,0.011406
0.003551,0.011403
0.003552,0.011401
0.003553,0.011399
0.003554,0.011397
0.003555,0.011395
0.003556,0.011393
0.003557,0.011391
0.003558,0.011388
0.003559,0.011386
0.00356,0.011384
0.003561,0.011382
0.003562,0.01138
0.003563,0.011378
0.003564,0.011375
0.003565,0.011373
0.003566,0.011371
0.003567,0.011369
0.003568,0.011367
0.003569,0.011364
0.00357,0.011362
0.003571,0.01136
0.003572,0.011358
0.003573,0.011356
0.003574,0.011353
0.003575,0.011351
0.003576,0.011349
0.003577,0.011347
0.003578,0.011345
0.003579,0.011342
0.00358,0.01134
0.003581,0.011338
0.003582,0.011336
0.003583,0.011333
0.003584,0.011331
0.003585,0.011329
0.003586,0.011327
0.003587,0.011324
0.003588,0.011322
0.003589,0.01132
0.00359,0.011318
0.003591,0.011315
0.003592,0.011313
0.003593,0.011311
0.003594,0.011309
0.003595,0.011306
0.003596,0.011304
0.003597,0.011302
0.003598,0.0113
0.003599,0.011297
0.0036,0.011295
0.003601,0.011293
0.003602,0.011291
0.003603,0.011288
0.003604,0.011286
0.003605,0.011284
0.003606,0.011282
0.003607,0.011279
0.003608,0.011277
0.003609,0.011275
0.00361,0.011273
0.003611,0.01127
0.003612,0.011268
0.003613,0.011266
0.003614,0.011263
0.003615,0.011261
0.003616,0.011259
0.003617,0.011257
0.003618,0.011254
0.003619,0.011252
0.00362,0.01125
0.003621,0.011248
0.003622,0.011245
0.003623,0.011243
0.003624,0.011241
0.003625,0.011239
0.003626,0.011236
0.003627,0.011234
0.003628,0.011232
0.003629,0.01123
0.00363,0.011227
0.003631,0.011225
0.003632,0.011223
0.003633,0.011221
0.003634,0.011218
0.003635,0.011216
0.003636,0.011214
0.003637,0.011212
0.003638,0.011209
0.003639,0.011207
0.00364,0.011205
0.003641,0.011203
0.003642,0.0112
0.003643,0.011198
0.003644,0.011196
0.003645,0.011194
0.003646,0.011192
0.003647,0.011189
0.003648,0.011187
0.003649,0.011185
0.00365,0.011183
0.003651,0.01118
0.003652,0.011178
0.003653,0.011176
0.003654,0.011174
0.003655,0.011172
0.003656,0.011169
0.003657,0.011167
0.003658,0.011165
0.003659,0.011163
0.00366,0.01116
0.003661,0.011158
0.003662,0.011156
0.003663,0.011154
0.003664,0.011152
0.003665,0.011149
0.003666,0.011147
0.003667,0.011145
0.003668,0.011143
0.003669,0.011141
0.00367,0.011139
0.003671,0.011136
0.003672,0.011134
0.003673,0.011132
0.003674,0.01113
0.003675,0.011128
0.003676,0.011125
0.003677,0.011123
0.003678,0.011121
0.003679,0.011119
0.00368,0.011117
0.003681,0.011115
0.003682,0.011113
0.003683,0.01111
0.003684,0.011108
0.003685,0.011106
0.003686,0.011104
0.003687,0.011102
0.003688,0.0111
0.003689,0.011098
0.00369,0.011095
0.003691,0.011093
0.003692,0.011091
0.003693,0.011089
0.003694,0.011087
0.003695,0.011085
0.003696,0.011083
0.003697,0.011081
0.003698,0.011079
0.003699,0.011077
0.0037,0.011074
0.003701,0.011072
0.003702,0.01107
0.003703,0.011068
0.003704,0.011066
0.003705,0.011064
0.003706,0.011062
0.003707,0.01106
0.003708,0.011058
0.003709,0.011056
0.00371,0.011054
0.003711,0.011052
0.003712,0.01105
0.003713,0.011048
0.003714,0.011046
0.003715,0.011044
0.003716,0.011042
0.003717,0.01104
0.003718,0.011038
0.003719,0.011036
0.00372,0.011034
0.003721,0.011032
0.003722,0.01103
0.003723,0.011028
0.003724,0.011026
0.003725,0.011024
0.003726,0.011023
0.003727,0.011021
0.003728,0.011019
0.003729,0.011017
0.00373,0.011015
0.003731,0.011013
0.003732,0.011011
0.003733,0.011009
0.003734,0.011007
0.003735,0.011006
0.003736,0.011004
0.003737,0.011002
0.003738,0.011
0.003739,0.010998
0.00374,0.010997
0.003741,0.010995
0.003742,0.010993
0.003743,0.010991
0.003744,0.010989
0.003745,0.010988
0.003746,0.010986
0.003747,0.010984
0.003748,0.010982
0.003749,0.010981
0.00375,0.010979
0.003751,0.010977
0.003752,0.010976
0.003753,0.010974
0.003754,0.010972
0.003755,0.010971
0.003756,0.010969
0.003757,0.010967
0.003758,0.010966
0.003759,0.010964
0.00376,0.010963
0.003761,0.010961
0.003762,0.010959
0.003763,0.010958
0.003764,0.010956
0.003765,0.010955
0.003766,0.010953
0.003767,0.010952
0.003768,0.01095
0.003769,0.010949
0.00377,0.010947
0.003771,0.010946
0.003772,0.010944
0.003773,0.010943
0.003774,0.010942
0.003775,0.01094
0.003776,0.010939
0.003777,0.010937
0.003778,0.010936
0.003779,0.010935
0.00378,0.010933
0.003781,0.010932
0.003782,0.010931
0.003783,0.010929
0.003784,0.010928
0.003785,0.010927
0.003786,0.010925
0.003787,0.010924
0.003788,0.010923
0.003789,0.010922
0.00379,0.01092
0.003791,0.010919
0.003792,0.010918
0.003793,0.010917
0.003794,0.010916
0.003795,0.010915
0.003796,0.010913
0.003797,0.010912
0.003798,0.010911
0.003799,0.01091
0.0038,0.010909
0.003801,0.010908
0.003802,0.010907
0.003803,0.010906
0.003804,0.010905
0.003805,0.010904
0.003806,0.010903
0.003807,0.010902
0.003808,0.010901
0.003809,0.0109
0.00381,0.010899
0.003811,0.010898
0.003812,0.010897
0.003813,0.010896
0.003814,0.010896
0.003815,0.010895
0.003816,0.010894
0.003817,0.010893
0.003818,0.010892
0.003819,0.010892
0.00382,0.010891
0.003821,0.01089
0.003822,0.010889
0.003823,0.010889
0.003824,0.010888
0.003825,0.010887
0.003826,0.010886
0.003827,0.010886
0.003828,0.010885
0.003829,0.010884
0.00383,0.010884
0.003831,0.010883
0.003832,0.010883
0.003833,0.010882
0.003834,0.010882
0.003835,0.010881
0.003836,0.01088
0.003837,0.01088
0.003838,0.010879
0.003839,0.010879
0.00384,0.010878
0.003841,0.010878
0.003842,0.010878
0.003843,0.010877
0.003844,0.010877
0.003845,0.010876
0.003846,0.010876
0.003847,0.010876
0.003848,0.010875
0.003849,0.010875
0.00385,0.010875
0.003851,0.010874
0.003852,0.010874
0.003853,0.010874
0.003854,0.010873
0.003855,0.010873
0.003856,0.010873
0.003857,0.010873
0.003858,0.010873
0.003859,0.010872
0.00386,0.010872
0.003861,0.010872
0.003862,0.010872
0.003863,0.010872
0.003864,0.010872
0.003865,0.010872
0.003866,0.010872
0.003867,0.010871
0.003868,0.010871
0.003869,0.010871
0.00387,0.010871
0.003871,0.010871
0.003872,0.010871
0.003873,0.010871
0.003874,0.010871
0.003875,0.010871
0.003876,0.010872
0.003877,0.010872
0.003878,0.010872
0.003879,0.010872
0.00388,0.010872
0.003881,0.010872
0.003882,0.010872
0.003883,0.010872
0.003884,0.010873
0.003885,0.010873
0.003886,0.010873
0.003887,0.010873
0.003888,0.010873
0.003889,0.010874
0.00389,0.010874
0.003891,0.010874
0.003892,0.010874
0.003893,0.010875
0.003894,0.010875
0.003895,0.010875
0.003896,0.010876
0.003897,0.010876
0.003898,0.010876
0.003899,0.010877
0.0039,0.010877
0.003901,0.010877
0.003902,0.010878
0.003903,0.010878
0.003904,0.010879
0.003905,0.010879
0.003906,0.010879
0.003907,0.01088
0.003908,0.01088
0.003909,0.010881
0.00391,0.010881
0.003911,0.010882
0.003912,0.010882
0.003913,0.010883
0.003914,0.010883
0.003915,0.010884
0.003916,0.010885
0.003917,0.010885
0.003918,0.010886
0.003919,0.010886
0.00392,0.010887
0.003921,0.010887
0.003922,0.010888
0.003923,0.010889
0.003924,0.010889
0.003925,0.01089
0.003926,0.010891
0.003927,0.010891
0.003928,0.010892
0.003929,0.010893
0.00393,0.010893
0.003931,0.010894
0.003932,0.010895
0.003933,0.010896
0.003934,0.010896
0.003935,0.010897
0.003936,0.010898
0.003937,0.010899
0.003938,0.010899
0.003939,0.0109
0.00394,0.010901
0.003941,0.010902
0.003942,0.010902
0.003943,0.010903
0.003944,0.010904
0.003945,0.010905
0.003946,0.010906
0.003947,0.010907
0.003948,0.010907
0.003949,0.010908
0.00395,0.010909
0.003951,0.01091
0.003952,0.010911
0.003953,0.010912
0.003954,0.010913
0.003955,0.010914
0.003956,0.010915
0.003957,0.010916
0.003958,0.010916
0.003959,0.010917
0.00396,0.010918
0.003961,0.010919
0.003962,0.01092
0.003963,0.010921
0.003964,0.010922
0.003965,0.010923
0.003966,0.010924
0.003967,0.010925
0.003968,0.010926
0.003969,0.010927
0.00397,0.010928
0.003971,0.010929
0.003972,0.01093
0.003973,0.010931
0.003974,0.010932
0.003975,0.010933
0.003976,0.010934
0.003977,0.010935
0.003978,0.010936
0.003979,0.010937
0.00398,0.010938
0.003981,0.01094
0.003982,0.010941
0.003983,0.010942
0.003984,0.010943
0.003985,0.010944
0.003986,0.010945
0.003987,0.010946
0.003988,0.010947
0.003989,0.010948
0.00399,0.010949
0.003991,0.010951
0.003992,0.010952
0.003993,0.010953
0.003994,0.010954
0.003995,0.010955
0.003996,0.010956
0.003997,0.010957
0.003998,0.010959
0.003999,0.01096
0.004,0.010961
