0,3.837e-09
5e-06,1.5328e-08
1e-05,3.4413e-08
1.5e-05,6.0993e-08
2e-05,9.4935e-08
2.5e-05,1.3607e-07
3e-05,1.8421e-07
3.5e-05,2.3914e-07
4e-05,3.0061e-07
4.5e-05,3.684e-07
5e-05,4.4224e-07
5.5e-05,5.219e-07
6e-05,6.0714e-07
6.5e-05,6.9774e-07
7e-05,7.9349e-07
7.5e-05,8.9421e-07
8e-05,9.9978e-07
8.5e-05,1.1101e-06
9e-05,1.225e-06
9.5e-05,1.3446e-06
0.0001,1.4687e-06
0.000105,1.5976e-06
0.00011,1.7313e-06
0.000115,1.8698e-06
0.00012,2.0135e-06
0.000125,2.1624e-06
0.00013,2.3169e-06
0.000135,2.4772e-06
0.00014,2.6437e-06
0.000145,2.8166e-06
0.00015,2.9962e-06
0.000155,3.183e-06
0.00016,3.3773e-06
0.000165,3.5794e-06
0.00017,3.7896e-06
0.000175,4.0083e-06
0.00018,4.2358e-06
0.000185,4.4724e-06
0.00019,4.7182e-06
0.000195,4.9735e-06
0.0002,5.2384e-06
0.000205,5.513e-06
0.00021,5.7974e-06
0.000215,6.0916e-06
0.00022,6.3954e-06
0.000225,6.7088e-06
0.00023,7.0316e-06
0.000235,7.3634e-06
0.00024,7.7041e-06
0.000245,8.0532e-06
0.00025,8.4103e-06
0.000255,8.775e-06
0.00026,9.1467e-06
0.000265,9.525e-06
0.00027,9.9093e-06
0.000275,1.0299e-05
0.00028,1.0694e-05
0.000285,1.1092e-05
0.00029,1.1495e-05
0.000295,1.1901e-05
0.0003,1.231e-05
0.000305,1.2721e-05
0.00031,1.3135e-05
0.000315,1.355e-05
0.00032,1.3967e-05
0.000325,1.4386e-05
0.00033,1.4806e-05
0.000335,1.5228e-05
0.00034,1.5651e-05
0.000345,1.6077e-05
0.00035,1.6505e-05
0.000355,1.6936e-05
0.00036,1.737e-05
0.000365,1.7808e-05
0.00037,1.8251e-05
0.000375,1.8698e-05
0.00038,1.9152e-05
0.000385,1.9612e-05
0.00039,2.008e-05
0.000395,2.0556e-05
0.0004,2.1041e-05
0.000405,2.1535e-05
0.00041,2.204e-05
0.000415,2.2556e-05
0.00042,2.3084e-05
0.000425,2.3624e-05
0.00043,2.4177e-05
0.000435,2.4743e-05
0.00044,2.5322e-05
0.000445,2.5915e-05
0.00045,2.6522e-05
0.000455,2.7142e-05
0.00046,2.7776e-05
0.000465,2.8424e-05
0.00047,2.9084e-05
0.000475,2.9758e-05
0.00048,3.0443e-05
0.000485,3.114e-05
0.00049,3.1847e-05
0.000495,3.2564e-05
0.0005,3.3291e-05
0.000505,3.4025e-05
0.00051,3.4767e-05
0.000515,3.5514e-05
0.00052,3.6267e-05
0.000525,3.7024e-05
0.00053,3.7784e-05
0.000535,3.8547e-05
0.00054,3.931e-05
0.000545,4.0075e-05
0.00055,4.0839e-05
0.000555,4.1602e-05
0.00056,4.2365e-05
0.000565,4.3125e-05
0.00057,4.3884e-05
0.000575,4.4641e-05
0.00058,4.5396e-05
0.000585,4.615e-05
0.00059,4.6902e-05
0.000595,4.7654e-05
0.0006,4.8405e-05
0.000605,4.9158e-05
0.00061,4.9912e-05
0.000615,5.0669e-05
0.00062,5.143e-05
0.000625,5.2196e-05
0.00063,5.2968e-05
0.000635,5.3747e-05
0.00064,5.4536e-05
0.000645,5.5334e-05
0.00065,5.6144e-05
0.000655,5.6967e-05
0.00066,5.7803e-05
0.000665,5.8654e-05
0.00067,5.9521e-05
0.000675,6.0405e-05
0.00068,6.1305e-05
0.000685,6.2224e-05
0.00069,6.3161e-05
0.000695,6.4117e-05
0.0007,6.5091e-05
0.000705,6.6084e-05
0.00071,6.7095e-05
0.000715,6.8124e-05
0.00072,6.917e-05
0.000725,7.0232e-05
0.00073,7.1311e-05
0.000735,7.2404e-05
0.00074,7.351e-05
0.000745,7.4628e-05
0.00075,7.5757e-05
0.000755,7.6895e-05
0.00076,7.8041e-05
0.000765,7.9194e-05
0.00077,8.035e-05
0.000775,8.151e-05
0.00078,8.2672e-05
0.000785,8.3834e-05
0.00079,8.4995e-05
0.000795,8.6154e-05
0.0008,8.731e-05
0.000805,8.8462e-05
0.00081,8.9609e-05
0.000815,9.0751e-05
0.00082,9.1888e-05
0.000825,9.3019e-05
0.00083,9.4145e-05
0.000835,9.5265e-05
0.00084,9.6382e-05
0.000845,9.7494e-05
0.00085,9.8605e-05
0.000855,9.9714e-05
0.00086,0.00010082
0.000865,0.00010193
0.00087,0.00010305
0.000875,0.00010417
0.00088,0.00010529
0.000885,0.00010643
0.00089,0.00010757
0.000895,0.00010873
0.0009,0.0001099
0.000905,0.00011109
0.00091,0.0001123
0.000915,0.00011352
0.00092,0.00011477
0.000925,0.00011604
0.00093,0.00011733
0.000935,0.00011864
0.00094,0.00011998
0.000945,0.00012134
0.00095,0.00012273
0.000955,0.00012415
0.00096,0.00012558
0.000965,0.00012704
0.00097,0.00012852
0.000975,0.00013003
0.00098,0.00013155
0.000985,0.0001331
0.00099,0.00013465
0.000995,0.00013623
0.001,0.00013782
0.001005,0.00013941
0.00101,0.00014102
0.001015,0.00014263
0.00102,0.00014425
0.001025,0.00014587
0.00103,0.00014749
0.001035,0.00014911
0.00104,0.00015073
0.001045,0.00015234
0.00105,0.00015394
0.001055,0.00015554
0.00106,0.00015713
0.001065,0.00015871
0.00107,0.00016028
0.001075,0.00016184
0.00108,0.00016339
0.001085,0.00016493
0.00109,0.00016647
0.001095,0.000168
0.0011,0.00016952
0.001105,0.00017104
0.00111,0.00017256
0.001115,0.00017408
0.00112,0.0001756
0.001125,0.00017713
0.00113,0.00017867
0.001135,0.00018021
0.00114,0.00018177
0.001145,0.00018335
0.00115,0.00018494
0.001155,0.00018656
0.00116,0.0001882
0.001165,0.00018986
0.00117,0.00019156
0.001175,0.00019328
0.00118,0.00019503
0.001185,0.00019681
0.00119,0.00019862
0.001195,0.00020047
0.0012,0.00020235
0.001205,0.00020425
0.00121,0.0002062
0.001215,0.00020817
0.00122,0.00021017
0.001225,0.00021219
0.00123,0.00021425
0.001235,0.00021632
0.00124,0.00021842
0.001245,0.00022054
0.00125,0.00022267
0.001255,0.00022482
0.00126,0.00022697
0.001265,0.00022913
0.00127,0.0002313
0.001275,0.00023347
0.00128,0.00023563
0.001285,0.0002378
0.00129,0.00023995
0.001295,0.0002421
0.0013,0.00024424
0.001305,0.00024637
0.00131,0.00024848
0.001315,0.00025058
0.00132,0.00025267
0.001325,0.00025474
0.00133,0.0002568
0.001335,0.00025885
0.00134,0.00026088
0.001345,0.00026291
0.00135,0.00026493
0.001355,0.00026695
0.00136,0.00026896
0.001365,0.00027097
0.00137,0.00027299
0.001375,0.00027501
0.00138,0.00027705
0.001385,0.0002791
0.00139,0.00028117
0.001395,0.00028326
0.0014,0.00028537
0.001405,0.00028751
0.00141,0.00028969
0.001415,0.00029189
0.00142,0.00029414
0.001425,0.00029642
0.00143,0.00029874
0.001435,0.0003011
0.00144,0.0003035
0.001445,0.00030595
0.00145,0.00030844
0.001455,0.00031097
0.00146,0.00031354
0.001465,0.00031615
0.00147,0.00031879
0.001475,0.00032148
0.00148,0.00032419
0.001485,0.00032693
0.00149,0.0003297
0.001495,0.0003325
0.0015,0.00033531
0.001505,0.00033813
0.00151,0.00034097
0.001515,0.00034382
0.00152,0.00034667
0.001525,0.00034952
0.00153,0.00035236
0.001535,0.0003552
0.00154,0.00035803
0.001545,0.00036085
0.00155,0.00036365
0.001555,0.00036644
0.00156,0.00036921
0.001565,0.00037196
0.00157,0.00037469
0.001575,0.0003774
0.00158,0.00038009
0.001585,0.00038277
0.00159,0.00038544
0.001595,0.00038809
0.0016,0.00039074
0.001605,0.00039338
0.00161,0.00039602
0.001615,0.00039866
0.00162,0.00040131
0.001625,0.00040397
0.00163,0.00040665
0.001635,0.00040935
0.00164,0.00041207
0.001645,0.00041483
0.00165,0.00041762
0.001655,0.00042045
0.00166,0.00042332
0.001665,0.00042624
0.00167,0.00042921
0.001675,0.00043223
0.00168,0.0004353
0.001685,0.00043843
0.00169,0.00044162
0.001695,0.00044486
0.0017,0.00044816
0.001705,0.00045151
0.00171,0.00045492
0.001715,0.00045837
0.00172,0.00046188
0.001725,0.00046543
0.00173,0.00046902
0.001735,0.00047265
0.00174,0.00047631
0.001745,0.00048
0.00175,0.00048371
0.001755,0.00048744
0.00176,0.00049118
0.001765,0.00049493
0.00177,0.00049868
0.001775,0.00050243
0.00178,0.00050617
0.001785,0.0005099
0.00179,0.00051362
0.001795,0.00051731
0.0018,0.00052099
0.001805,0.00052464
0.00181,0.00052827
0.001815,0.00053188
0.00182,0.00053547
0.001825,0.00053903
0.00183,0.00054257
0.001835,0.00054609
0.00184,0.00054959
0.001845,0.00055309
0.00185,0.00055658
0.001855,0.00056007
0.00186,0.00056356
0.001865,0.00056706
0.00187,0.00057058
0.001875,0.00057412
0.00188,0.00057769
0.001885,0.00058129
0.00189,0.00058494
0.001895,0.00058863
0.0019,0.00059238
0.001905,0.00059618
0.00191,0.00060006
0.001915,0.00060399
0.00192,0.000608
0.001925,0.00061209
0.00193,0.00061625
0.001935,0.00062049
0.00194,0.0006248
0.001945,0.0006292
0.00195,0.00063367
0.001955,0.00063822
0.00196,0.00064284
0.001965,0.00064752
0.00197,0.00065227
0.001975,0.00065708
0.00198,0.00066194
0.001985,0.00066685
0.00199,0.0006718
0.001995,0.00067678
0.002,0.00068179
0.002005,0.00068682
0.00201,0.00069186
0.002015,0.0006969
0.00202,0.00070195
0.002025,0.00070699
0.00203,0.00071201
0.002035,0.00071702
0.00204,0.00072201
0.002045,0.00072697
0.00205,0.0007319
0.002055,0.00073681
0.00206,0.00074168
0.002065,0.00074653
0.00207,0.00075135
0.002075,0.00075615
0.00208,0.00076092
0.002085,0.00076569
0.00209,0.00077044
0.002095,0.00077519
0.0021,0.00077995
0.002105,0.00078472
0.00211,0.00078951
0.002115,0.00079433
0.00212,0.00079919
0.002125,0.00080411
0.00213,0.00080908
0.002135,0.00081412
0.00214,0.00081923
0.002145,0.00082443
0.00215,0.00082973
0.002155,0.00083512
0.00216,0.00084062
0.002165,0.00084623
0.00217,0.00085195
0.002175,0.00085779
0.00218,0.00086375
0.002185,0.00086983
0.00219,0.00087602
0.002195,0.00088233
0.0022,0.00088876
0.002205,0.00089529
0.00221,0.00090192
0.002215,0.00090865
0.00222,0.00091547
0.002225,0.00092236
0.00223,0.00092932
0.002235,0.00093635
0.00224,0.00094342
0.002245,0.00095053
0.00225,0.00095767
0.002255,0.00096483
0.00226,0.000972
0.002265,0.00097917
0.00227,0.00098633
0.002275,0.00099347
0.00228,0.0010006
0.002285,0.0010077
0.00229,0.0010148
0.002295,0.0010218
0.0023,0.0010288
0.002305,0.0010358
0.00231,0.0010427
0.002315,0.0010496
0.00232,0.0010565
0.002325,0.0010634
0.00233,0.0010703
0.002335,0.0010772
0.00234,0.0010842
0.002345,0.0010911
0.00235,0.0010982
0.002355,0.0011053
0.00236,0.0011124
0.002365,0.0011197
0.00237,0.0011271
0.002375,0.0011346
0.00238,0.0011422
0.002385,0.00115
0.00239,0.001158
0.002395,0.0011661
0.0024,0.0011744
0.002405,0.001183
0.00241,0.0011917
0.002415,0.0012006
0.00242,0.0012097
0.002425,0.001219
0.00243,0.0012285
0.002435,0.0012383
0.00244,0.0012482
0.002445,0.0012583
0.00245,0.0012685
0.002455,0.0012789
0.00246,0.0012895
0.002465,0.0013002
0.00247,0.001311
0.002475,0.0013219
0.00248,0.0013329
0.002485,0.001344
0.00249,0.0013551
0.002495,0.0013662
0.0025,0.0013773
0.002505,0.0013885
0.00251,0.0013996
0.002515,0.0014107
0.00252,0.0014218
0.002525,0.0014329
0.00253,0.0014439
0.002535,0.0014549
0.00254,0.0014659
0.002545,0.0014769
0.00255,0.0014878
0.002555,0.0014988
0.00256,0.0015098
0.002565,0.0015208
0.00257,0.0015319
0.002575,0.0015431
0.00258,0.0015543
0.002585,0.0015657
0.00259,0.0015773
0.002595,0.001589
0.0026,0.001601
0.002605,0.0016132
0.00261,0.0016256
0.002615,0.0016383
0.00262,0.0016513
0.002625,0.0016647
0.00263,0.0016783
0.002635,0.0016924
0.00264,0.0017067
0.002645,0.0017214
0.00265,0.0017365
0.002655,0.001752
0.00266,0.0017678
0.002665,0.0017839
0.00267,0.0018004
0.002675,0.0018172
0.00268,0.0018343
0.002685,0.0018516
0.00269,0.0018693
0.002695,0.0018871
0.0027,0.0019051
0.002705,0.0019233
0.00271,0.0019416
0.002715,0.00196
0.00272,0.0019785
0.002725,0.001997
0.00273,0.0020156
0.002735,0.0020342
0.00274,0.0020528
0.002745,0.0020713
0.00275,0.0020898
0.002755,0.0021083
0.00276,0.0021268
0.002765,0.0021453
0.00277,0.0021638
0.002775,0.0021823
0.00278,0.0022008
0.002785,0.0022194
0.00279,0.0022381
0.002795,0.0022569
0.0028,0.0022759
0.002805,0.0022951
0.00281,0.0023146
0.002815,0.0023343
0.00282,0.0023544
0.002825,0.0023748
0.00283,0.0023955
0.002835,0.0024167
0.00284,0.0024384
0.002845,0.0024605
0.00285,0.0024831
0.002855,0.0025063
0.00286,0.0025299
0.002865,0.0025541
0.00287,0.0025788
0.002875,0.002604
0.00288,0.0026297
0.002885,0.0026559
0.00289,0.0026826
0.002895,0.0027097
0.0029,0.0027372
0.002905,0.002765
0.00291,0.0027932
0.002915,0.0028216
0.00292,0.0028503
0.002925,0.0028791
0.00293,0.0029081
0.002935,0.0029372
0.00294,0.0029664
0.002945,0.0029955
0.00295,0.0030247
0.002955,0.0030538
0.00296,0.0030829
0.002965,0.0031119
0.00297,0.0031408
0.002975,0.0031697
0.00298,0.0031984
0.002985,0.0032272
0.00299,0.0032559
0.002995,0.0032846
0.003,0.0033133
0.003005,0.0033421
0.00301,0.003371
0.003015,0.0034
0.00302,0.0034292
0.003025,0.0034587
0.00303,0.0034884
0.003035,0.0035185
0.00304,0.003549
0.003045,0.0035798
0.00305,0.0036111
0.003055,0.0036428
0.00306,0.0036751
0.003065,0.0037078
0.00307,0.003741
0.003075,0.0037748
0.00308,0.003809
0.003085,0.0038438
0.00309,0.003879
0.003095,0.0039147
0.0031,0.0039508
0.003105,0.0039873
0.00311,0.0040241
0.003115,0.0040612
0.00312,0.0040986
0.003125,0.0041362
0.00313,0.0041739
0.003135,0.0042116
0.00314,0.0042494
0.003145,0.0042872
0.00315,0.0043249
0.003155,0.0043624
0.00316,0.0043998
0.003165,0.0044369
0.00317,0.0044738
0.003175,0.0045105
0.00318,0.0045468
0.003185,0.0045828
0.00319,0.0046185
0.003195,0.0046539
0.0032,0.0046889
0.003205,0.0047237
0.00321,0.0047583
0.003215,0.0047926
0.00322,0.0048267
0.003225,0.0048606
0.00323,0.0048944
0.003235,0.0049282
0.00324,0.0049619
0.003245,0.0049956
0.00325,0.0050294
0.003255,0.0050633
0.00326,0.0050973
0.003265,0.0051315
0.00327,0.0051659
0.003275,0.0052006
0.00328,0.0052354
0.003285,0.0052706
0.00329,0.0053059
0.003295,0.0053416
0.0033,0.0053774
0.003305,0.0054135
0.00331,0.0054498
0.003315,0.0054863
0.00332,0.0055229
0.003325,0.0055596
0.00333,0.0055964
0.003335,0.0056331
0.00334,0.0056698
0.003345,0.0057064
0.00335,0.0057428
0.003355,0.005779
0.00336,0.0058149
0.003365,0.0058505
0.00337,0.0058857
0.003375,0.0059205
0.00338,0.0059548
0.003385,0.0059886
0.00339,0.0060218
0.003395,0.0060545
0.0034,0.0060866
0.003405,0.0061181
0.00341,0.006149
0.003415,0.0061793
0.00342,0.006209
0.003425,0.0062382
0.00343,0.0062667
0.003435,0.0062947
0.00344,0.0063223
0.003445,0.0063493
0.00345,0.0063759
0.003455,0.0064021
0.00346,0.0064279
0.003465,0.0064535
0.00347,0.0064787
0.003475,0.0065038
0.00348,0.0065286
0.003485,0.0065533
0.00349,0.0065779
0.003495,0.0066024
0.0035,0.0066268
0.003505,0.0066513
0.00351,0.0066757
0.003515,0.0067001
0.00352,0.0067246
0.003525,0.006749
0.00353,0.0067735
0.003535,0.006798
0.00354,0.0068224
0.003545,0.0068469
0.00355,0.0068713
0.003555,0.0068956
0.00356,0.0069197
0.003565,0.0069438
0.00357,0.0069677
0.003575,0.0069913
0.00358,0.0070147
0.003585,0.0070378
0.00359,0.0070606
0.003595,0.007083
0.0036,0.007105
0.003605,0.0071267
0.00361,0.0071478
0.003615,0.0071686
0.00362,0.0071888
0.003625,0.0072086
0.00363,0.0072279
0.003635,0.0072467
0.00364,0.007265
0.003645,0.0072828
0.00365,0.0073002
0.003655,0.0073172
0.00366,0.0073337
0.003665,0.0073499
0.00367,0.0073657
0.003675,0.0073812
0.00368,0.0073964
0.003685,0.0074113
0.00369,0.007426
0.003695,0.0074406
0.0037,0.007455
0.003705,0.0074693
0.00371,0.0074835
0.003715,0.0074977
0.00372,0.0075119
0.003725,0.0075261
0.00373,0.0075403
0.003735,0.0075547
0.00374,0.0075691
0.003745,0.0075837
0.00375,0.0075984
0.003755,0.0076132
0.00376,0.0076282
0.003765,0.0076433
0.00377,0.0076586
0.003775,0.0076741
0.00378,0.0076897
0.003785,0.0077054
0.00379,0.0077213
0.003795,0.0077373
0.0038,0.0077535
0.003805,0.0077697
0.00381,0.007786
0.003815,0.0078024
0.00382,0.0078188
0.003825,0.0078353
0.00383,0.0078519
0.003835,0.0078685
0.00384,0.007885
0.003845,0.0079016
0.00385,0.0079182
0.003855,0.0079348
0.00386,0.0079515
0.003865,0.0079681
0.00387,0.0079847
0.003875,0.0080013
0.00388,0.0080179
0.003885,0.0080346
0.00389,0.0080513
0.003895,0.008068
0.0039,0.0080848
0.003905,0.0081016
0.00391,0.0081185
0.003915,0.0081354
0.00392,0.0081524
0.003925,0.0081695
0.00393,0.0081867
0.003935,0.008204
0.00394,0.0082213
0.003945,0.0082388
0.00395,0.0082564
0.003955,0.008274
0.00396,0.0082918
0.003965,0.0083097
0.00397,0.0083277
0.003975,0.0083457
0.00398,0.0083639
0.003985,0.0083822
0.00399,0.0084006
0.003995,0.0084191
0.004,0.0084377
