0,0.00045132
5e-06,0.0017951
1e-05,0.0040009
1.5e-05,0.0070191
2e-05,0.010781
2.5e-05,0.015203
3e-05,0.020185
3.5e-05,0.025615
4e-05,0.031371
4.5e-05,0.037324
5e-05,0.043342
5.5e-05,0.04929
6e-05,0.055035
6.5e-05,0.060451
7e-05,0.065417
7.5e-05,0.069823
8e-05,0.073573
8.5e-05,0.076582
9e-05,0.078786
9.5e-05,0.080136
0.0001,0.080602
0.000105,0.080174
0.00011,0.078863
0.000115,0.076697
0.00012,0.073724
0.000125,0.070011
0.00013,0.06564
0.000135,0.060707
0.00014,0.055322
0.000145,0.049606
0.00015,0.043685
0.000155,0.03769
0.00016,0.031757
0.000165,0.026018
0.00017,0.0206
0.000175,0.015625
0.00018,0.011205
0.000185,0.0074386
0.00019,0.0044101
0.000195,0.0021872
0.0002,0.00081952
0.000205,0.00033712
0.00021,0.00075015
0.000215,0.0020485
0.00022,0.0042021
0.000225,0.0071617
0.00023,0.01086
0.000235,0.015212
0.00024,0.020121
0.000245,0.025475
0.00025,0.031154
0.000255,0.037031
0.00026,0.042974
0.000265,0.048851
0.00027,0.05453
0.000275,0.059887
0.00028,0.064802
0.000285,0.069167
0.00029,0.072886
0.000295,0.075877
0.0003,0.078076
0.000305,0.079434
0.00031,0.079923
0.000315,0.079532
0.00032,0.078271
0.000325,0.076168
0.00033,0.073272
0.000335,0.069646
0.00034,0.065373
0.000345,0.060546
0.00035,0.055275
0.000355,0.049676
0.00036,0.043874
0.000365,0.038
0.00037,0.032184
0.000375,0.026557
0.00038,0.021244
0.000385,0.016365
0.00039,0.012028
0.000395,0.0083294
0.0004,0.0053527
0.000405,0.0031635
0.00041,0.0018098
0.000415,0.0013209
0.00042,0.0017063
0.000425,0.0029559
0.00043,0.0050399
0.000435,0.0079099
0.00044,0.0115
0.000445,0.015728
0.00045,0.020497
0.000455,0.0257
0.00046,0.03122
0.000465,0.036931
0.00047,0.042707
0.000475,0.048417
0.00048,0.053936
0.000485,0.059141
0.00049,0.063917
0.000495,0.068158
0.0005,0.071771
0.000505,0.074678
0.00051,0.076816
0.000515,0.078138
0.00052,0.078617
0.000525,0.078244
0.00053,0.077027
0.000535,0.074996
0.00054,0.072197
0.000545,0.068693
0.00055,0.064562
0.000555,0.059899
0.00056,0.054807
0.000565,0.049401
0.00057,0.043801
0.000575,0.038134
0.00058,0.032526
0.000585,0.027103
0.00059,0.021986
0.000595,0.01729
0.0006,0.01312
0.000605,0.0095679
0.00061,0.0067131
0.000615,0.0046182
0.00062,0.0033288
0.000625,0.0028721
0.00063,0.0032564
0.000635,0.0044709
0.00064,0.006486
0.000645,0.0092543
0.00065,0.012711
0.000655,0.016778
0.00066,0.02136
0.000665,0.026354
0.00067,0.031647
0.000675,0.037119
0.00068,0.042647
0.000685,0.048108
0.00069,0.05338
0.000695,0.058347
0.0007,0.062897
0.000705,0.066932
0.00071,0.070363
0.000715,0.073115
0.00072,0.075128
0.000725,0.07636
0.00073,0.076786
0.000735,0.076396
0.00074,0.075203
0.000745,0.073234
0.00075,0.070535
0.000755,0.067167
0.00076,0.063206
0.000765,0.058743
0.00077,0.053879
0.000775,0.048722
0.00078,0.043389
0.000785,0.038
0.00079,0.032676
0.000795,0.027537
0.0008,0.022698
0.000805,0.018267
0.00081,0.014343
0.000815,0.011013
0.00082,0.0083512
0.000825,0.0064154
0.00083,0.0052472
0.000835,0.0048708
0.00084,0.0052921
0.000845,0.006499
0.00085,0.0084618
0.000855,0.011133
0.00086,0.014452
0.000865,0.018339
0.00087,0.022706
0.000875,0.027453
0.00088,0.032473
0.000885,0.03765
0.00089,0.04287
0.000895,0.048014
0.0009,0.052968
0.000905,0.057623
0.00091,0.061874
0.000915,0.065628
0.00092,0.068804
0.000925,0.071332
0.00093,0.073157
0.000935,0.074242
0.00094,0.074563
0.000945,0.074116
0.00095,0.072913
0.000955,0.070983
0.00096,0.06837
0.000965,0.065135
0.00097,0.061352
0.000975,0.057107
0.00098,0.052497
0.000985,0.047626
0.00099,0.042604
0.000995,0.037545
0.001,0.032563
0.001005,0.027769
0.00101,0.023273
0.001015,0.019175
0.00102,0.015566
0.001025,0.012526
0.00103,0.010122
0.001035,0.0084068
0.00104,0.0074168
0.001045,0.0071716
0.00105,0.007674
0.001055,0.0089098
0.00106,0.010848
0.001065,0.013443
0.00107,0.016632
0.001075,0.020341
0.00108,0.024485
0.001085,0.028968
0.00109,0.033688
0.001095,0.038538
0.0011,0.043408
0.001105,0.048189
0.00111,0.052774
0.001115,0.05706
0.00112,0.060953
0.001125,0.064367
0.00113,0.067227
0.001135,0.069471
0.00114,0.07105
0.001145,0.071932
0.00115,0.072099
0.001155,0.07155
0.00116,0.070298
0.001165,0.068374
0.00117,0.065824
0.001175,0.062706
0.00118,0.059091
0.001185,0.055064
0.00119,0.050716
0.001195,0.046146
0.0012,0.041458
0.001205,0.036758
0.00121,0.032154
0.001215,0.027748
0.00122,0.023641
0.001225,0.019924
0.00123,0.016681
0.001235,0.013984
0.00124,0.011892
0.001245,0.01045
0.00125,0.0096888
0.001255,0.0096225
0.00126,0.01025
0.001265,0.011554
0.00127,0.013502
0.001275,0.016047
0.00128,0.019129
0.001285,0.022675
0.00129,0.026604
0.001295,0.030824
0.0013,0.035239
0.001305,0.039749
0.00131,0.044251
0.001315,0.048643
0.00132,0.052828
0.001325,0.056711
0.00133,0.060207
0.001335,0.063238
0.00134,0.065739
0.001345,0.067653
0.00135,0.068941
0.001355,0.069575
0.00136,0.069544
0.001365,0.06885
0.00137,0.067511
0.001375,0.065558
0.00138,0.063039
0.001385,0.060012
0.00139,0.056546
0.001395,0.052722
0.0014,0.048628
0.001405,0.044356
0.00141,0.040005
0.001415,0.035674
0.00142,0.031462
0.001425,0.027463
0.00143,0.02377
0.001435,0.020463
0.00144,0.017619
0.001445,0.015299
0.00145,0.013555
0.001455,0.012425
0.00146,0.011931
0.001465,0.012083
0.00147,0.012873
0.001475,0.014281
0.00148,0.016273
0.001485,0.0188
0.00149,0.021803
0.001495,0.02521
0.0015,0.028943
0.001505,0.032916
0.00151,0.037036
0.001515,0.041211
0.00152,0.045345
0.001525,0.049345
0.00153,0.053121
0.001535,0.056588
0.00154,0.059669
0.001545,0.062296
0.00155,0.064411
0.001555,0.065968
0.00156,0.066934
0.001565,0.067288
0.00157,0.067026
0.001575,0.066154
0.00158,0.064694
0.001585,0.062681
0.00159,0.060163
0.001595,0.057198
0.0016,0.053854
0.001605,0.05021
0.00161,0.046349
0.001615,0.042359
0.00162,0.038333
0.001625,0.034362
0.00163,0.030537
0.001635,0.026946
0.00164,0.023669
0.001645,0.020781
0.00165,0.018347
0.001655,0.01642
0.00166,0.015043
0.001665,0.014245
0.00167,0.014042
0.001675,0.014437
0.00168,0.015417
0.001685,0.016958
0.00169,0.019023
0.001695,0.021561
0.0017,0.024512
0.001705,0.027808
0.00171,0.031372
0.001715,0.03512
0.00172,0.038968
0.001725,0.042828
0.00173,0.04661
0.001735,0.05023
0.00174,0.053606
0.001745,0.056662
0.00175,0.05933
0.001755,0.061551
0.00176,0.063275
0.001765,0.064466
0.00177,0.065097
0.001775,0.065156
0.00178,0.064644
0.001785,0.063573
0.00179,0.06197
0.001795,0.059872
0.0018,0.057328
0.001805,0.054398
0.00181,0.05115
0.001815,0.047658
0.00182,0.044004
0.001825,0.040272
0.00183,0.036547
0.001835,0.032914
0.00184,0.029458
0.001845,0.026257
0.00185,0.023384
0.001855,0.020904
0.00186,0.018872
0.001865,0.017334
0.00187,0.016323
0.001875,0.015861
0.00188,0.015957
0.001885,0.016605
0.00189,0.017789
0.001895,0.01948
0.0019,0.021636
0.001905,0.024207
0.00191,0.027132
0.001915,0.030342
0.00192,0.033763
0.001925,0.037315
0.00193,0.040918
0.001935,0.044489
0.00194,0.047946
0.001945,0.051212
0.00195,0.054211
0.001955,0.056877
0.00196,0.059151
0.001965,0.06098
0.00197,0.062326
0.001975,0.063159
0.00198,0.06346
0.001985,0.063225
0.00199,0.062459
0.001995,0.061183
0.002,0.059425
0.002005,0.057227
0.00201,0.054641
0.002015,0.051726
0.00202,0.04855
0.002025,0.045186
0.00203,0.041712
0.002035,0.038209
0.00204,0.034756
0.002045,0.031433
0.00205,0.028317
0.002055,0.025478
0.00206,0.022981
0.002065,0.020884
0.00207,0.019232
0.002075,0.018063
0.00208,0.017403
0.002085,0.017264
0.00209,0.017649
0.002095,0.018546
0.0021,0.019934
0.002105,0.021778
0.00211,0.024034
0.002115,0.02665
0.00212,0.029564
0.002125,0.032708
0.00213,0.03601
0.002135,0.039392
0.00214,0.042779
0.002145,0.046091
0.00215,0.049255
0.002155,0.052197
0.00216,0.054852
0.002165,0.05716
0.00217,0.059069
0.002175,0.060536
0.00218,0.061529
0.002185,0.062025
0.00219,0.062016
0.002195,0.061502
0.0022,0.060495
0.002205,0.059019
0.00221,0.057109
0.002215,0.05481
0.00222,0.052174
0.002225,0.049263
0.00223,0.046143
0.002235,0.042887
0.00224,0.03957
0.002245,0.036269
0.00225,0.033059
0.002255,0.030014
0.00226,0.027203
0.002265,0.024693
0.00227,0.022538
0.002275,0.02079
0.00228,0.019485
0.002285,0.018655
0.00229,0.018316
0.002295,0.018475
0.0023,0.019127
0.002305,0.020255
0.00231,0.021833
0.002315,0.023821
0.00232,0.026175
0.002325,0.028837
0.00233,0.031747
0.002335,0.034837
0.00234,0.038035
0.002345,0.041269
0.00235,0.044464
0.002355,0.047547
0.00236,0.050448
0.002365,0.053102
0.00237,0.055448
0.002375,0.057434
0.00238,0.059015
0.002385,0.060155
0.00239,0.060829
0.002395,0.061024
0.0024,0.060734
0.002405,0.059967
0.00241,0.058741
0.002415,0.057085
0.00242,0.055037
0.002425,0.052645
0.00243,0.049963
0.002435,0.047053
0.00244,0.043983
0.002445,0.040823
0.00245,0.037645
0.002455,0.034524
0.00246,0.03153
0.002465,0.028733
0.00247,0.026196
0.002475,0.023978
0.00248,0.022129
0.002485,0.020691
0.00249,0.019696
0.002495,0.019166
0.0025,0.019112
0.002505,0.019535
0.00251,0.020423
0.002515,0.021754
0.00252,0.023498
0.002525,0.025613
0.00253,0.028049
0.002535,0.03075
0.00254,0.033654
0.002545,0.036692
0.00255,0.039797
0.002555,0.042895
0.00256,0.045918
0.002565,0.048796
0.00257,0.051463
0.002575,0.05386
0.00258,0.055932
0.002585,0.057632
0.00259,0.058923
0.002595,0.059776
0.0026,0.060171
0.002605,0.0601
0.00261,0.059566
0.002615,0.05858
0.00262,0.057166
0.002625,0.055357
0.00263,0.053193
0.002635,0.050725
0.00264,0.048009
0.002645,0.045108
0.00265,0.042089
0.002655,0.03902
0.00266,0.035972
0.002665,0.033015
0.00267,0.030218
0.002675,0.027643
0.00268,0.02535
0.002685,0.023392
0.00269,0.021812
0.002695,0.020646
0.0027,0.019921
0.002705,0.019652
0.00271,0.019844
0.002715,0.020493
0.00272,0.021581
0.002725,0.023083
0.00273,0.024964
0.002735,0.02718
0.00274,0.029678
0.002745,0.032402
0.00275,0.035289
0.002755,0.038272
0.00276,0.041283
0.002765,0.044254
0.00277,0.047117
0.002775,0.049807
0.00278,0.052262
0.002785,0.054429
0.00279,0.056257
0.002795,0.057707
0.0028,0.058744
0.002805,0.059347
0.00281,0.059501
0.002815,0.059205
0.00282,0.058464
0.002825,0.057296
0.00283,0.055728
0.002835,0.053795
0.00284,0.051543
0.002845,0.049023
0.00285,0.046291
0.002855,0.043412
0.00286,0.040451
0.002865,0.037475
0.00287,0.034554
0.002875,0.031753
0.00288,0.029136
0.002885,0.026765
0.00289,0.024692
0.002895,0.022965
0.0029,0.021623
0.002905,0.020696
0.00291,0.020205
0.002915,0.020159
0.00292,0.02056
0.002925,0.021396
0.00293,0.022648
0.002935,0.024287
0.00294,0.026273
0.002945,0.028561
0.00295,0.031098
0.002955,0.033825
0.00296,0.03668
0.002965,0.039598
0.00297,0.042512
0.002975,0.045356
0.00298,0.048065
0.002985,0.050579
0.00299,0.05284
0.002995,0.054797
0.003,0.056407
0.003005,0.057634
0.00301,0.058449
0.003015,0.058836
0.00302,0.058785
0.003025,0.058298
0.00303,0.057386
0.003035,0.056071
0.00304,0.054382
0.003045,0.052358
0.00305,0.050046
0.003055,0.047498
0.00306,0.044772
0.003065,0.041931
0.00307,0.039039
0.003075,0.036163
0.00308,0.033369
0.003085,0.03072
0.00309,0.028276
0.003095,0.026094
0.0031,0.024224
0.003105,0.022706
0.00311,0.021576
0.003115,0.020858
0.00312,0.020569
0.003125,0.020714
0.00313,0.021289
0.003135,0.022279
0.00314,0.023662
0.003145,0.025405
0.00315,0.027466
0.003155,0.029799
0.00316,0.03235
0.003165,0.03506
0.00317,0.037868
0.003175,0.040708
0.00318,0.043517
0.003185,0.046232
0.00319,0.04879
0.003195,0.051134
0.0032,0.053212
0.003205,0.054976
0.00321,0.056387
0.003215,0.057414
0.00322,0.058033
0.003225,0.058231
0.00323,0.058005
0.003235,0.057358
0.00324,0.056307
0.003245,0.054876
0.00325,0.053096
0.003255,0.051009
0.00326,0.048663
0.003265,0.04611
0.00327,0.043409
0.003275,0.040623
0.00328,0.037813
0.003285,0.035045
0.00329,0.032382
0.003295,0.029884
0.0033,0.027608
0.003305,0.025606
0.00331,0.023923
0.003315,0.022598
0.00332,0.021659
0.003325,0.021128
0.00333,0.021016
0.003335,0.021324
0.00334,0.022045
0.003345,0.023161
0.00335,0.024646
0.003355,0.026465
0.00336,0.028576
0.003365,0.03093
0.00337,0.033474
0.003375,0.036148
0.00338,0.038892
0.003385,0.041644
0.00339,0.044341
0.003395,0.046923
0.0034,0.04933
0.003405,0.051509
0.00341,0.053412
0.003415,0.054994
0.00342,0.056221
0.003425,0.057066
0.00343,0.05751
0.003435,0.057543
0.00344,0.057165
0.003445,0.056384
0.00345,0.055219
0.003455,0.053696
0.00346,0.05185
0.003465,0.049723
0.00347,0.047364
0.003475,0.044827
0.00348,0.042168
0.003485,0.039449
0.00349,0.036732
0.003495,0.034079
0.0035,0.03155
0.003505,0.029203
0.00351,0.027091
0.003515,0.025261
0.00352,0.023756
0.003525,0.022609
0.00353,0.021846
0.003535,0.021483
0.00354,0.021527
0.003545,0.021977
0.00355,0.022822
0.003555,0.024041
0.00356,0.025606
0.003565,0.02748
0.00357,0.02962
0.003575,0.031976
0.00358,0.034496
0.003585,0.03712
0.00359,0.03979
0.003595,0.042445
0.0036,0.045024
0.003605,0.04747
0.00361,0.049728
0.003615,0.051746
0.00362,0.05348
0.003625,0.054891
0.00363,0.055947
0.003635,0.056624
0.00364,0.056909
0.003645,0.056794
0.00365,0.056283
0.003655,0.055388
0.00366,0.054129
0.003665,0.052534
0.00367,0.050641
0.003675,0.048492
0.00368,0.046136
0.003685,0.043627
0.00369,0.041022
0.003695,0.038381
0.0037,0.035764
0.003705,0.033229
0.00371,0.030836
0.003715,0.028637
0.00372,0.026684
0.003725,0.025021
0.00373,0.023684
0.003735,0.022703
0.00374,0.022101
0.003745,0.021891
0.00375,0.022076
0.003755,0.02265
0.00376,0.023601
0.003765,0.024906
0.00377,0.026534
0.003775,0.028447
0.00378,0.030601
0.003785,0.032947
0.00379,0.035431
0.003795,0.037996
0.0038,0.040585
0.003805,0.043138
0.00381,0.045599
0.003815,0.04791
0.00382,0.050021
0.003825,0.051884
0.00383,0.053458
0.003835,0.054706
0.00384,0.055602
0.003845,0.056126
0.00385,0.056265
0.003855,0.056018
0.00386,0.05539
0.003865,0.054395
0.00387,0.053056
0.003875,0.051405
0.00388,0.049477
0.003885,0.047318
0.00389,0.044976
0.003895,0.042505
0.0039,0.039961
0.003905,0.037402
0.00391,0.034885
0.003915,0.03247
0.00392,0.030209
0.003925,0.028155
0.00393,0.026354
0.003935,0.024847
0.00394,0.023668
0.003945,0.022842
0.00395,0.022389
0.003955,0.022317
0.00396,0.022628
0.003965,0.023313
0.00397,0.024356
0.003975,0.025733
0.00398,0.027411
0.003985,0.029352
0.00399,0.031511
0.003995,0.033838
0.004,0.036281
