0,0.00044426
5e-06,0.0017356
1e-05,0.0038814
1.5e-05,0.0068442
2e-05,0.010466
2.5e-05,0.014756
3e-05,0.019655
3.5e-05,0.0249
4e-05,0.030467
4.5e-05,0.036328
5e-05,0.042168
5.5e-05,0.047909
6e-05,0.05357
6.5e-05,0.058856
7e-05,0.063642
7.5e-05,0.067988
8e-05,0.071682
8.5e-05,0.074578
9e-05,0.076764
9.5e-05,0.078138
0.0001,0.078578
0.000105,0.078189
0.00011,0.076972
0.000115,0.074868
0.00012,0.071989
0.000125,0.068422
0.00013,0.064179
0.000135,0.059381
0.00014,0.054168
0.000145,0.04861
0.00015,0.04284
0.000155,0.037009
0.00016,0.031228
0.000165,0.02562
0.00017,0.020328
0.000175,0.015462
0.00018,0.011125
0.000185,0.007422
0.00019,0.0044338
0.000195,0.0022239
0.0002,0.00084447
0.000205,0.00032545
0.00021,0.00067672
0.000215,0.0018904
0.00022,0.0039384
0.000225,0.0067738
0.00023,0.010332
0.000235,0.014533
0.00024,0.019282
0.000245,0.024471
0.00025,0.029985
0.000255,0.0357
0.00026,0.041489
0.000265,0.047223
0.00027,0.052774
0.000275,0.05802
0.00028,0.062845
0.000285,0.067143
0.00029,0.070819
0.000295,0.073792
0.0003,0.075999
0.000305,0.077392
0.00031,0.077939
0.000315,0.077631
0.00032,0.076475
0.000325,0.074496
0.00033,0.071741
0.000335,0.068269
0.00034,0.064159
0.000345,0.059502
0.00035,0.054401
0.000355,0.048971
0.00036,0.043332
0.000365,0.037609
0.00037,0.031931
0.000375,0.026423
0.00038,0.02121
0.000385,0.016407
0.00039,0.01212
0.000395,0.0084468
0.0004,0.0054674
0.000405,0.0032482
0.00041,0.001838
0.000415,0.0012671
0.00042,0.0015471
0.000425,0.0026703
0.00043,0.0046099
0.000435,0.0073209
0.00044,0.010741
0.000445,0.014793
0.00045,0.019383
0.000455,0.02441
0.00046,0.029758
0.000465,0.035309
0.00047,0.040939
0.000475,0.046521
0.00048,0.051932
0.000485,0.057053
0.00049,0.061769
0.000495,0.065979
0.0005,0.069588
0.000505,0.072519
0.00051,0.074709
0.000515,0.076109
0.00052,0.076691
0.000525,0.076442
0.00053,0.075371
0.000535,0.073501
0.00054,0.070875
0.000545,0.067553
0.00055,0.063609
0.000555,0.059131
0.00056,0.05422
0.000565,0.048986
0.00057,0.043546
0.000575,0.03802
0.00058,0.032534
0.000585,0.027208
0.00059,0.022163
0.000595,0.017511
0.0006,0.013355
0.000605,0.0097871
0.00061,0.0068872
0.000615,0.0047188
0.00062,0.0033289
0.000625,0.0027471
0.00063,0.0029845
0.000635,0.0040338
0.00064,0.0058695
0.000645,0.0084481
0.00065,0.01171
0.000655,0.01558
0.00066,0.01997
0.000665,0.02478
0.00067,0.029901
0.000675,0.035219
0.00068,0.040614
0.000685,0.045965
0.00069,0.051153
0.000695,0.056065
0.0007,0.06059
0.000705,0.064631
0.00071,0.068098
0.000715,0.070915
0.00072,0.073023
0.000725,0.074376
0.00073,0.074946
0.000735,0.074722
0.00074,0.07371
0.000745,0.071935
0.00075,0.069437
0.000755,0.066275
0.00076,0.062518
0.000765,0.058253
0.00077,0.053574
0.000775,0.048588
0.00078,0.043406
0.000785,0.038145
0.00079,0.032922
0.000795,0.027855
0.0008,0.023057
0.000805,0.018634
0.00081,0.014686
0.000815,0.011301
0.00082,0.0085515
0.000825,0.0064994
0.00083,0.0051886
0.000835,0.0046463
0.00084,0.0048825
0.000845,0.0058893
0.00085,0.0076418
0.000855,0.010098
0.00086,0.0132
0.000865,0.016877
0.00087,0.021044
0.000875,0.025605
0.00088,0.030457
0.000885,0.035491
0.00089,0.040593
0.000895,0.04565
0.0009,0.050548
0.000905,0.055179
0.00091,0.05944
0.000915,0.063239
0.00092,0.066491
0.000925,0.069126
0.00093,0.071087
0.000935,0.072333
0.00094,0.072838
0.000945,0.072592
0.00095,0.071603
0.000955,0.069895
0.00096,0.067508
0.000965,0.064497
0.00097,0.06093
0.000975,0.056889
0.00098,0.052465
0.000985,0.047758
0.00099,0.042874
0.000995,0.037925
0.001,0.03302
0.001005,0.02827
0.00101,0.023782
0.001015,0.019655
0.00102,0.015983
0.001025,0.012847
0.00103,0.010315
0.001035,0.0084424
0.00104,0.00727
0.001045,0.0068215
0.00105,0.0071044
0.001055,0.0081097
0.00106,0.0098118
0.001065,0.01217
0.00107,0.015128
0.001075,0.018618
0.00108,0.022558
0.001085,0.026858
0.00109,0.03142
0.001095,0.036141
0.0011,0.040915
0.001105,0.045634
0.00111,0.050192
0.001115,0.054488
0.00112,0.058428
0.001125,0.061924
0.00113,0.0649
0.001135,0.067292
0.00114,0.069047
0.001145,0.070128
0.00115,0.070514
0.001155,0.070198
0.00116,0.069188
0.001165,0.067511
0.00117,0.065204
0.001175,0.062323
0.00118,0.058931
0.001185,0.055109
0.00119,0.050942
0.001195,0.046525
0.0012,0.041958
0.001205,0.037346
0.00121,0.032792
0.001215,0.028398
0.00122,0.024264
0.001225,0.020483
0.00123,0.017138
0.001235,0.014305
0.00124,0.012044
0.001245,0.010407
0.00125,0.0094267
0.001255,0.0091234
0.00126,0.0095013
0.001265,0.010549
0.00127,0.01224
0.001275,0.014533
0.00128,0.017375
0.001285,0.020697
0.00129,0.024424
0.001295,0.028469
0.0013,0.03274
0.001305,0.03714
0.00131,0.04157
0.001315,0.045928
0.00132,0.050118
0.001325,0.054047
0.00133,0.057627
0.001335,0.060779
0.00134,0.063433
0.001345,0.065533
0.00135,0.067033
0.001355,0.067901
0.00136,0.06812
0.001365,0.067687
0.00137,0.066614
0.001375,0.064927
0.00138,0.062665
0.001385,0.059882
0.00139,0.056641
0.001395,0.053017
0.0014,0.049094
0.001405,0.04496
0.00141,0.04071
0.001415,0.036441
0.00142,0.032249
0.001425,0.028229
0.00143,0.024473
0.001435,0.021065
0.00144,0.01808
0.001445,0.015586
0.00145,0.013637
0.001455,0.012275
0.00146,0.011529
0.001465,0.011414
0.00147,0.01193
0.001475,0.013061
0.00148,0.01478
0.001485,0.017045
0.00149,0.019803
0.001495,0.022988
0.0015,0.026526
0.001505,0.030336
0.00151,0.034331
0.001515,0.038419
0.00152,0.042507
0.001525,0.046503
0.00153,0.050318
0.001535,0.053866
0.00154,0.057067
0.001545,0.059852
0.00155,0.062159
0.001555,0.063938
0.00156,0.065149
0.001565,0.065769
0.00157,0.065784
0.001575,0.065196
0.00158,0.064021
0.001585,0.062286
0.00159,0.060033
0.001595,0.057314
0.0016,0.054192
0.001605,0.050739
0.00161,0.047035
0.001615,0.043163
0.00162,0.039214
0.001625,0.035276
0.00163,0.031441
0.001635,0.027794
0.00164,0.024419
0.001645,0.021392
0.00165,0.01878
0.001655,0.016642
0.00166,0.015025
0.001665,0.013963
0.00167,0.01348
0.001675,0.013583
0.00168,0.014268
0.001685,0.015516
0.00169,0.017297
0.001695,0.019568
0.0017,0.022275
0.001705,0.025355
0.00171,0.028736
0.001715,0.032339
0.00172,0.036082
0.001725,0.03988
0.00173,0.043646
0.001735,0.047294
0.00174,0.050743
0.001745,0.053916
0.00175,0.056741
0.001755,0.059156
0.00176,0.061107
0.001765,0.062551
0.00177,0.063459
0.001775,0.06381
0.00178,0.063598
0.001785,0.06283
0.00179,0.061525
0.001795,0.059713
0.0018,0.057438
0.001805,0.054752
0.00181,0.051717
0.001815,0.048403
0.00182,0.044888
0.001825,0.04125
0.00183,0.037575
0.001835,0.033946
0.00184,0.030446
0.001845,0.027155
0.00185,0.024148
0.001855,0.021492
0.00186,0.019247
0.001865,0.017464
0.00187,0.016182
0.001875,0.015428
0.00188,0.015217
0.001885,0.015553
0.00189,0.016426
0.001895,0.017813
0.0019,0.019681
0.001905,0.021984
0.00191,0.02467
0.001915,0.027674
0.00192,0.030928
0.001925,0.034355
0.00193,0.037878
0.001935,0.041415
0.00194,0.044887
0.001945,0.048214
0.00195,0.051321
0.001955,0.054139
0.00196,0.056604
0.001965,0.058662
0.00197,0.060267
0.001975,0.061383
0.00198,0.061987
0.001985,0.062067
0.00199,0.061621
0.001995,0.060661
0.002,0.05921
0.002005,0.057303
0.00201,0.054983
0.002015,0.052305
0.00202,0.04933
0.002025,0.046127
0.00203,0.04277
0.002035,0.039336
0.00204,0.035904
0.002045,0.032552
0.00205,0.029358
0.002055,0.026394
0.00206,0.023728
0.002065,0.021421
0.00207,0.019523
0.002075,0.018078
0.00208,0.017117
0.002085,0.016662
0.00209,0.01672
0.002095,0.017288
0.0021,0.018353
0.002105,0.019887
0.00211,0.021854
0.002115,0.024207
0.00212,0.026892
0.002125,0.029845
0.00213,0.032998
0.002135,0.036278
0.00214,0.039611
0.002145,0.04292
0.00215,0.04613
0.002155,0.049167
0.00216,0.051965
0.002165,0.054458
0.00217,0.056592
0.002175,0.058319
0.00218,0.0596
0.002185,0.060408
0.00219,0.060725
0.002195,0.060544
0.0022,0.059871
0.002205,0.058722
0.00221,0.057123
0.002215,0.055113
0.00222,0.052738
0.002225,0.050052
0.00223,0.047117
0.002235,0.044002
0.00224,0.040778
0.002245,0.037518
0.00225,0.034298
0.002255,0.031192
0.00226,0.02827
0.002265,0.0256
0.00227,0.023242
0.002275,0.02125
0.00228,0.019669
0.002285,0.018534
0.00229,0.01787
0.002295,0.017691
0.0023,0.017999
0.002305,0.018787
0.00231,0.020034
0.002315,0.021711
0.00232,0.023778
0.002325,0.026186
0.00233,0.02888
0.002335,0.031796
0.00234,0.034868
0.002345,0.038025
0.00235,0.041195
0.002355,0.044305
0.00236,0.047285
0.002365,0.050068
0.00237,0.052589
0.002375,0.054794
0.00238,0.056631
0.002385,0.058061
0.00239,0.05905
0.002395,0.059579
0.0024,0.059634
0.002405,0.059216
0.00241,0.058334
0.002415,0.05701
0.00242,0.055274
0.002425,0.053166
0.00243,0.050735
0.002435,0.048037
0.00244,0.045133
0.002445,0.04209
0.00245,0.038979
0.002455,0.03587
0.00246,0.032835
0.002465,0.029944
0.00247,0.027262
0.002475,0.024851
0.00248,0.022766
0.002485,0.021054
0.00249,0.019754
0.002495,0.018894
0.0025,0.018493
0.002505,0.01856
0.00251,0.019092
0.002515,0.020075
0.00252,0.021486
0.002525,0.023291
0.00253,0.025448
0.002535,0.027907
0.00254,0.03061
0.002545,0.033495
0.00255,0.036497
0.002555,0.039546
0.00256,0.042573
0.002565,0.045509
0.00257,0.048287
0.002575,0.050845
0.00258,0.053125
0.002585,0.055075
0.00259,0.056652
0.002595,0.057821
0.0026,0.058555
0.002605,0.058838
0.00261,0.058665
0.002615,0.058039
0.00262,0.056976
0.002625,0.0555
0.00263,0.053645
0.002635,0.051454
0.00264,0.048976
0.002645,0.046269
0.00265,0.043394
0.002655,0.040418
0.00266,0.037408
0.002665,0.034434
0.00267,0.031564
0.002675,0.028862
0.00268,0.026392
0.002685,0.024209
0.00269,0.022363
0.002695,0.020895
0.0027,0.019839
0.002705,0.019218
0.00271,0.019046
0.002715,0.019324
0.00272,0.020047
0.002725,0.021196
0.00273,0.022745
0.002735,0.024656
0.00274,0.026885
0.002745,0.029381
0.00275,0.032086
0.002755,0.034939
0.00276,0.037873
0.002765,0.040822
0.00277,0.043719
0.002775,0.046498
0.00278,0.049097
0.002785,0.051456
0.00279,0.053523
0.002795,0.05525
0.0028,0.056601
0.002805,0.057543
0.00281,0.058057
0.002815,0.058131
0.00282,0.057764
0.002825,0.056964
0.00283,0.05575
0.002835,0.05415
0.00284,0.0522
0.002845,0.049945
0.00285,0.047436
0.002855,0.044731
0.00286,0.041892
0.002865,0.038983
0.00287,0.036071
0.002875,0.033223
0.00288,0.030502
0.002885,0.027973
0.00289,0.025691
0.002895,0.02371
0.0029,0.022073
0.002905,0.020818
0.00291,0.019973
0.002915,0.019557
0.00292,0.019577
0.002925,0.020034
0.00293,0.020914
0.002935,0.022198
0.00294,0.023855
0.002945,0.025847
0.00295,0.028127
0.002955,0.030643
0.00296,0.033338
0.002965,0.036148
0.00297,0.039011
0.002975,0.041862
0.00298,0.044635
0.002985,0.047269
0.00299,0.049703
0.002995,0.051883
0.003,0.05376
0.003005,0.055292
0.00301,0.056445
0.003015,0.057192
0.00302,0.057518
0.003025,0.057415
0.00303,0.056887
0.003035,0.055944
0.00304,0.05461
0.003045,0.052914
0.00305,0.050895
0.003055,0.048599
0.00306,0.046078
0.003065,0.043391
0.00307,0.040597
0.003075,0.037761
0.00308,0.034948
0.003085,0.032221
0.00309,0.029643
0.003095,0.027273
0.0031,0.025164
0.003105,0.023363
0.00311,0.021913
0.003115,0.020845
0.00312,0.020182
0.003125,0.01994
0.00313,0.020123
0.003135,0.020726
0.00314,0.021734
0.003145,0.023124
0.00315,0.024862
0.003155,0.026909
0.00316,0.029218
0.003165,0.031735
0.00317,0.034402
0.003175,0.03716
0.00318,0.039945
0.003185,0.042695
0.00319,0.045346
0.003195,0.04784
0.0032,0.05012
0.003205,0.052135
0.00321,0.05384
0.003215,0.055196
0.00322,0.056174
0.003225,0.056752
0.00323,0.056917
0.003235,0.056666
0.00324,0.056004
0.003245,0.054948
0.00325,0.05352
0.003255,0.051754
0.00326,0.04969
0.003265,0.047375
0.00327,0.044861
0.003275,0.042206
0.00328,0.039469
0.003285,0.036715
0.00329,0.034004
0.003295,0.0314
0.0033,0.02896
0.003305,0.026741
0.00331,0.024792
0.003315,0.023158
0.00332,0.021876
0.003325,0.020973
0.00333,0.020471
0.003335,0.020379
0.00334,0.020699
0.003345,0.021422
0.00335,0.022532
0.003355,0.024002
0.00336,0.025798
0.003365,0.027878
0.00337,0.030195
0.003375,0.032696
0.00338,0.035322
0.003385,0.038016
0.00339,0.040715
0.003395,0.043359
0.0034,0.045888
0.003405,0.048245
0.00341,0.050377
0.003415,0.052237
0.00342,0.053782
0.003425,0.054979
0.00343,0.0558
0.003435,0.056229
0.00344,0.056254
0.003445,0.055877
0.00345,0.055105
0.003455,0.053957
0.00346,0.052459
0.003465,0.050645
0.00347,0.048556
0.003475,0.046239
0.00348,0.043748
0.003485,0.041139
0.00349,0.038471
0.003495,0.035805
0.0035,0.033201
0.003505,0.030719
0.00351,0.028416
0.003515,0.026342
0.00352,0.024546
0.003525,0.023067
0.00353,0.021939
0.003535,0.021186
0.00354,0.020826
0.003545,0.020865
0.00355,0.021302
0.003555,0.022126
0.00356,0.023317
0.003565,0.024848
0.00357,0.026682
0.003575,0.028778
0.00358,0.031087
0.003585,0.033557
0.00359,0.036132
0.003595,0.038752
0.0036,0.041359
0.003605,0.043894
0.00361,0.0463
0.003615,0.048523
0.00362,0.050512
0.003625,0.052224
0.00363,0.05362
0.003635,0.054669
0.00364,0.055349
0.003645,0.055642
0.00365,0.055545
0.003655,0.055059
0.00366,0.054195
0.003665,0.052973
0.00367,0.051422
0.003675,0.049575
0.00368,0.047476
0.003685,0.045172
0.00369,0.042715
0.003695,0.040161
0.0037,0.037569
0.003705,0.034996
0.00371,0.032502
0.003715,0.030143
0.00372,0.027973
0.003725,0.02604
0.00373,0.024388
0.003735,0.023055
0.00374,0.02207
0.003745,0.021454
0.00375,0.021222
0.003755,0.021378
0.00376,0.021916
0.003765,0.022825
0.00377,0.024082
0.003775,0.025658
0.00378,0.027518
0.003785,0.029617
0.00379,0.031908
0.003795,0.034338
0.0038,0.036853
0.003805,0.039396
0.00381,0.041908
0.003815,0.044334
0.00382,0.046618
0.003825,0.04871
0.00383,0.050562
0.003835,0.052134
0.00384,0.05339
0.003845,0.054302
0.00385,0.054851
0.003855,0.055023
0.00386,0.054816
0.003865,0.054235
0.00387,0.053292
0.003875,0.05201
0.00388,0.050417
0.003885,0.04855
0.00389,0.046451
0.003895,0.044168
0.0039,0.041752
0.003905,0.039259
0.00391,0.036745
0.003915,0.034267
0.00392,0.031881
0.003925,0.029642
0.00393,0.027599
0.003935,0.0258
0.00394,0.024285
0.003945,0.023088
0.00395,0.022235
0.003955,0.021745
0.00396,0.021629
0.003965,0.021888
0.00397,0.022516
0.003975,0.023497
0.00398,0.024809
0.003985,0.026421
0.00399,0.028296
0.003995,0.030391
0.004,0.032657
