0,9.5469e-10
5e-06,3.8175e-09
1e-05,8.5848e-09
1.5e-05,1.525e-08
2e-05,2.3806e-08
2.5e-05,3.4242e-08
3e-05,4.6545e-08
3.5e-05,6.0704e-08
4e-05,7.6702e-08
4.5e-05,9.4526e-08
5e-05,1.1416e-07
5.5e-05,1.3559e-07
6e-05,1.588e-07
6.5e-05,1.8378e-07
7e-05,2.1052e-07
7.5e-05,2.39e-07
8e-05,2.6922e-07
8.5e-05,3.0118e-07
9e-05,3.3487e-07
9.5e-05,3.7029e-07
0.0001,4.0745e-07
0.000105,4.4635e-07
0.00011,4.87e-07
0.000115,5.2942e-07
0.00012,5.7361e-07
0.000125,6.196e-07
0.00013,6.6739e-07
0.000135,7.1703e-07
0.00014,7.6852e-07
0.000145,8.2188e-07
0.00015,8.7715e-07
0.000155,9.3434e-07
0.00016,9.9348e-07
0.000165,1.0546e-06
0.00017,1.1177e-06
0.000175,1.1828e-06
0.00018,1.2499e-06
0.000185,1.319e-06
0.00019,1.3902e-06
0.000195,1.4634e-06
0.0002,1.5386e-06
0.000205,1.6159e-06
0.00021,1.6952e-06
0.000215,1.7766e-06
0.00022,1.8599e-06
0.000225,1.9452e-06
0.00023,2.0325e-06
0.000235,2.1217e-06
0.00024,2.2128e-06
0.000245,2.3058e-06
0.00025,2.4006e-06
0.000255,2.4972e-06
0.00026,2.5956e-06
0.000265,2.6958e-06
0.00027,2.7976e-06
0.000275,2.9011e-06
0.00028,3.0062e-06
0.000285,3.113e-06
0.00029,3.2214e-06
0.000295,3.3313e-06
0.0003,3.4428e-06
0.000305,3.5559e-06
0.00031,3.6705e-06
0.000315,3.7867e-06
0.00032,3.9045e-06
0.000325,4.0239e-06
0.00033,4.1449e-06
0.000335,4.2675e-06
0.00034,4.3918e-06
0.000345,4.5178e-06
0.00035,4.6456e-06
0.000355,4.7752e-06
0.00036,4.9066e-06
0.000365,5.0399e-06
0.00037,5.1751e-06
0.000375,5.3123e-06
0.00038,5.4515e-06
0.000385,5.5928e-06
0.00039,5.7363e-06
0.000395,5.8819e-06
0.0004,6.0296e-06
0.000405,6.1796e-06
0.00041,6.3319e-06
0.000415,6.4864e-06
0.00042,6.6432e-06
0.000425,6.8022e-06
0.00043,6.9636e-06
0.000435,7.1272e-06
0.00044,7.293e-06
0.000445,7.4611e-06
0.00045,7.6313e-06
0.000455,7.8037e-06
0.00046,7.9782e-06
0.000465,8.1547e-06
0.00047,8.3332e-06
0.000475,8.5137e-06
0.00048,8.696e-06
0.000485,8.8801e-06
0.00049,9.066e-06
0.000495,9.2536e-06
0.0005,9.4429e-06
0.000505,9.6337e-06
0.00051,9.826e-06
0.000515,1.002e-05
0.00052,1.0215e-05
0.000525,1.0412e-05
0.00053,1.061e-05
0.000535,1.081e-05
0.00054,1.101e-05
0.000545,1.1213e-05
0.00055,1.1416e-05
0.000555,1.1621e-05
0.00056,1.1828e-05
0.000565,1.2036e-05
0.00057,1.2246e-05
0.000575,1.2457e-05
0.00058,1.267e-05
0.000585,1.2884e-05
0.00059,1.3101e-05
0.000595,1.3319e-05
0.0006,1.3539e-05
0.000605,1.3762e-05
0.00061,1.3986e-05
0.000615,1.4213e-05
0.00062,1.4442e-05
0.000625,1.4673e-05
0.00063,1.4907e-05
0.000635,1.5143e-05
0.00064,1.5381e-05
0.000645,1.5622e-05
0.00065,1.5866e-05
0.000655,1.6112e-05
0.00066,1.636e-05
0.000665,1.6612e-05
0.00067,1.6865e-05
0.000675,1.7122e-05
0.00068,1.738e-05
0.000685,1.7641e-05
0.00069,1.7905e-05
0.000695,1.817e-05
0.0007,1.8438e-05
0.000705,1.8708e-05
0.00071,1.898e-05
0.000715,1.9254e-05
0.00072,1.9529e-05
0.000725,1.9807e-05
0.00073,2.0086e-05
0.000735,2.0366e-05
0.00074,2.0649e-05
0.000745,2.0932e-05
0.00075,2.1217e-05
0.000755,2.1503e-05
0.00076,2.1791e-05
0.000765,2.208e-05
0.00077,2.237e-05
0.000775,2.2661e-05
0.00078,2.2953e-05
0.000785,2.3247e-05
0.00079,2.3542e-05
0.000795,2.3838e-05
0.0008,2.4136e-05
0.000805,2.4435e-05
0.00081,2.4735e-05
0.000815,2.5037e-05
0.00082,2.5341e-05
0.000825,2.5647e-05
0.00083,2.5955e-05
0.000835,2.6265e-05
0.00084,2.6577e-05
0.000845,2.6891e-05
0.00085,2.7208e-05
0.000855,2.7527e-05
0.00086,2.7848e-05
0.000865,2.8172e-05
0.00087,2.8499e-05
0.000875,2.8829e-05
0.00088,2.9161e-05
0.000885,2.9497e-05
0.00089,2.9835e-05
0.000895,3.0176e-05
0.0009,3.052e-05
0.000905,3.0867e-05
0.00091,3.1216e-05
0.000915,3.1568e-05
0.00092,3.1923e-05
0.000925,3.228e-05
0.00093,3.264e-05
0.000935,3.3002e-05
0.00094,3.3367e-05
0.000945,3.3733e-05
0.00095,3.4102e-05
0.000955,3.4472e-05
0.00096,3.4845e-05
0.000965,3.5218e-05
0.00097,3.5594e-05
0.000975,3.5971e-05
0.00098,3.6349e-05
0.000985,3.6728e-05
0.00099,3.7109e-05
0.000995,3.7491e-05
0.001,3.7874e-05
0.001005,3.8258e-05
0.00101,3.8643e-05
0.001015,3.9029e-05
0.00102,3.9416e-05
0.001025,3.9804e-05
0.00103,4.0194e-05
0.001035,4.0585e-05
0.00104,4.0977e-05
0.001045,4.1371e-05
0.00105,4.1766e-05
0.001055,4.2163e-05
0.00106,4.2562e-05
0.001065,4.2962e-05
0.00107,4.3365e-05
0.001075,4.3771e-05
0.00108,4.4178e-05
0.001085,4.4588e-05
0.00109,4.5001e-05
0.001095,4.5417e-05
0.0011,4.5835e-05
0.001105,4.6257e-05
0.00111,4.6682e-05
0.001115,4.7109e-05
0.00112,4.754e-05
0.001125,4.7974e-05
0.00113,4.8412e-05
0.001135,4.8852e-05
0.00114,4.9296e-05
0.001145,4.9742e-05
0.00115,5.0192e-05
0.001155,5.0645e-05
0.00116,5.11e-05
0.001165,5.1559e-05
0.00117,5.202e-05
0.001175,5.2483e-05
0.00118,5.2948e-05
0.001185,5.3416e-05
0.00119,5.3886e-05
0.001195,5.4357e-05
0.0012,5.4831e-05
0.001205,5.5306e-05
0.00121,5.5782e-05
0.001215,5.6259e-05
0.00122,5.6738e-05
0.001225,5.7218e-05
0.00123,5.7699e-05
0.001235,5.818e-05
0.00124,5.8663e-05
0.001245,5.9147e-05
0.00125,5.9631e-05
0.001255,6.0117e-05
0.00126,6.0603e-05
0.001265,6.1091e-05
0.00127,6.158e-05
0.001275,6.207e-05
0.00128,6.2561e-05
0.001285,6.3054e-05
0.00129,6.3549e-05
0.001295,6.4046e-05
0.0013,6.4545e-05
0.001305,6.5046e-05
0.00131,6.5549e-05
0.001315,6.6055e-05
0.00132,6.6564e-05
0.001325,6.7075e-05
0.00133,6.759e-05
0.001335,6.8108e-05
0.00134,6.8629e-05
0.001345,6.9153e-05
0.00135,6.9681e-05
0.001355,7.0213e-05
0.00136,7.0748e-05
0.001365,7.1287e-05
0.00137,7.1829e-05
0.001375,7.2375e-05
0.00138,7.2925e-05
0.001385,7.3477e-05
0.00139,7.4033e-05
0.001395,7.4593e-05
0.0014,7.5155e-05
0.001405,7.572e-05
0.00141,7.6288e-05
0.001415,7.6858e-05
0.00142,7.7431e-05
0.001425,7.8006e-05
0.00143,7.8583e-05
0.001435,7.9161e-05
0.00144,7.9741e-05
0.001445,8.0323e-05
0.00145,8.0906e-05
0.001455,8.149e-05
0.00146,8.2075e-05
0.001465,8.2661e-05
0.00147,8.3248e-05
0.001475,8.3835e-05
0.00148,8.4424e-05
0.001485,8.5013e-05
0.00149,8.5603e-05
0.001495,8.6194e-05
0.0015,8.6786e-05
0.001505,8.7379e-05
0.00151,8.7973e-05
0.001515,8.8568e-05
0.00152,8.9166e-05
0.001525,8.9764e-05
0.00153,9.0365e-05
0.001535,9.0968e-05
0.00154,9.1573e-05
0.001545,9.2181e-05
0.00155,9.2792e-05
0.001555,9.3405e-05
0.00156,9.4022e-05
0.001565,9.4642e-05
0.00157,9.5265e-05
0.001575,9.5893e-05
0.00158,9.6524e-05
0.001585,9.7159e-05
0.00159,9.7798e-05
0.001595,9.8441e-05
0.0016,9.9088e-05
0.001605,9.9739e-05
0.00161,0.00010039
0.001615,0.00010105
0.00162,0.00010172
0.001625,0.00010238
0.00163,0.00010305
0.001635,0.00010372
0.00164,0.0001044
0.001645,0.00010508
0.00165,0.00010576
0.001655,0.00010645
0.00166,0.00010714
0.001665,0.00010783
0.00167,0.00010852
0.001675,0.00010921
0.00168,0.0001099
0.001685,0.0001106
0.00169,0.0001113
0.001695,0.00011199
0.0017,0.00011269
0.001705,0.00011339
0.00171,0.00011409
0.001715,0.00011479
0.00172,0.0001155
0.001725,0.0001162
0.00173,0.0001169
0.001735,0.00011761
0.00174,0.00011831
0.001745,0.00011902
0.00175,0.00011972
0.001755,0.00012043
0.00176,0.00012114
0.001765,0.00012186
0.00177,0.00012257
0.001775,0.00012329
0.00178,0.00012401
0.001785,0.00012473
0.00179,0.00012546
0.001795,0.00012619
0.0018,0.00012692
0.001805,0.00012766
0.00181,0.0001284
0.001815,0.00012915
0.00182,0.0001299
0.001825,0.00013065
0.00183,0.00013141
0.001835,0.00013218
0.00184,0.00013294
0.001845,0.00013372
0.00185,0.00013449
0.001855,0.00013527
0.00186,0.00013606
0.001865,0.00013685
0.00187,0.00013764
0.001875,0.00013844
0.00188,0.00013924
0.001885,0.00014004
0.00189,0.00014085
0.001895,0.00014166
0.0019,0.00014247
0.001905,0.00014329
0.00191,0.0001441
0.001915,0.00014492
0.00192,0.00014574
0.001925,0.00014656
0.00193,0.00014738
0.001935,0.0001482
0.00194,0.00014902
0.001945,0.00014984
0.00195,0.00015067
0.001955,0.00015149
0.00196,0.00015231
0.001965,0.00015314
0.00197,0.00015396
0.001975,0.00015479
0.00198,0.00015562
0.001985,0.00015645
0.00199,0.00015728
0.001995,0.00015811
0.002,0.00015895
0.002005,0.00015978
0.00201,0.00016062
0.002015,0.00016147
0.00202,0.00016231
0.002025,0.00016316
0.00203,0.00016401
0.002035,0.00016487
0.00204,0.00016573
0.002045,0.0001666
0.00205,0.00016747
0.002055,0.00016835
0.00206,0.00016923
0.002065,0.00017011
0.00207,0.000171
0.002075,0.0001719
0.00208,0.0001728
0.002085,0.00017371
0.00209,0.00017462
0.002095,0.00017553
0.0021,0.00017645
0.002105,0.00017738
0.00211,0.00017831
0.002115,0.00017924
0.00212,0.00018018
0.002125,0.00018112
0.00213,0.00018206
0.002135,0.00018301
0.00214,0.00018395
0.002145,0.0001849
0.00215,0.00018585
0.002155,0.00018681
0.00216,0.00018776
0.002165,0.00018872
0.00217,0.00018967
0.002175,0.00019063
0.00218,0.00019159
0.002185,0.00019254
0.00219,0.0001935
0.002195,0.00019446
0.0022,0.00019542
0.002205,0.00019638
0.00221,0.00019734
0.002215,0.0001983
0.00222,0.00019927
0.002225,0.00020023
0.00223,0.0002012
0.002235,0.00020217
0.00224,0.00020314
0.002245,0.00020411
0.00225,0.00020509
0.002255,0.00020607
0.00226,0.00020706
0.002265,0.00020805
0.00227,0.00020904
0.002275,0.00021004
0.00228,0.00021104
0.002285,0.00021205
0.00229,0.00021306
0.002295,0.00021408
0.0023,0.00021511
0.002305,0.00021614
0.00231,0.00021718
0.002315,0.00021822
0.00232,0.00021927
0.002325,0.00022033
0.00233,0.00022139
0.002335,0.00022245
0.00234,0.00022352
0.002345,0.0002246
0.00235,0.00022568
0.002355,0.00022676
0.00236,0.00022785
0.002365,0.00022894
0.00237,0.00023003
0.002375,0.00023113
0.00238,0.00023223
0.002385,0.00023333
0.00239,0.00023443
0.002395,0.00023553
0.0024,0.00023664
0.002405,0.00023774
0.00241,0.00023885
0.002415,0.00023995
0.00242,0.00024106
0.002425,0.00024217
0.00243,0.00024328
0.002435,0.00024439
0.00244,0.0002455
0.002445,0.00024661
0.00245,0.00024772
0.002455,0.00024883
0.00246,0.00024995
0.002465,0.00025106
0.00247,0.00025218
0.002475,0.0002533
0.00248,0.00025443
0.002485,0.00025556
0.00249,0.00025669
0.002495,0.00025782
0.0025,0.00025897
0.002505,0.00026011
0.00251,0.00026126
0.002515,0.00026242
0.00252,0.00026358
0.002525,0.00026475
0.00253,0.00026593
0.002535,0.00026711
0.00254,0.0002683
0.002545,0.0002695
0.00255,0.0002707
0.002555,0.00027191
0.00256,0.00027312
0.002565,0.00027435
0.00257,0.00027557
0.002575,0.00027681
0.00258,0.00027805
0.002585,0.00027929
0.00259,0.00028054
0.002595,0.00028179
0.0026,0.00028305
0.002605,0.00028431
0.00261,0.00028557
0.002615,0.00028684
0.00262,0.00028811
0.002625,0.00028938
0.00263,0.00029065
0.002635,0.00029192
0.00264,0.00029319
0.002645,0.00029447
0.00265,0.00029574
0.002655,0.00029702
0.00266,0.0002983
0.002665,0.00029957
0.00267,0.00030085
0.002675,0.00030213
0.00268,0.00030341
0.002685,0.00030469
0.00269,0.00030597
0.002695,0.00030725
0.0027,0.00030854
0.002705,0.00030983
0.00271,0.00031112
0.002715,0.00031241
0.00272,0.00031371
0.002725,0.00031502
0.00273,0.00031632
0.002735,0.00031764
0.00274,0.00031896
0.002745,0.00032028
0.00275,0.00032161
0.002755,0.00032295
0.00276,0.0003243
0.002765,0.00032565
0.00277,0.00032701
0.002775,0.00032838
0.00278,0.00032975
0.002785,0.00033114
0.00279,0.00033253
0.002795,0.00033393
0.0028,0.00033533
0.002805,0.00033674
0.00281,0.00033816
0.002815,0.00033959
0.00282,0.00034102
0.002825,0.00034246
0.00283,0.0003439
0.002835,0.00034535
0.00284,0.0003468
0.002845,0.00034825
0.00285,0.00034971
0.002855,0.00035117
0.00286,0.00035263
0.002865,0.00035409
0.00287,0.00035556
0.002875,0.00035702
0.00288,0.00035849
0.002885,0.00035996
0.00289,0.00036143
0.002895,0.0003629
0.0029,0.00036437
0.002905,0.00036584
0.00291,0.00036731
0.002915,0.00036878
0.00292,0.00037025
0.002925,0.00037173
0.00293,0.00037321
0.002935,0.00037469
0.00294,0.00037617
0.002945,0.00037766
0.00295,0.00037915
0.002955,0.00038064
0.00296,0.00038214
0.002965,0.00038364
0.00297,0.00038516
0.002975,0.00038667
0.00298,0.0003882
0.002985,0.00038973
0.00299,0.00039127
0.002995,0.00039282
0.003,0.00039438
0.003005,0.00039594
0.00301,0.00039751
0.003015,0.0003991
0.00302,0.00040069
0.003025,0.00040229
0.00303,0.0004039
0.003035,0.00040552
0.00304,0.00040714
0.003045,0.00040878
0.00305,0.00041042
0.003055,0.00041206
0.00306,0.00041372
0.003065,0.00041538
0.00307,0.00041704
0.003075,0.00041871
0.00308,0.00042039
0.003085,0.00042207
0.00309,0.00042375
0.003095,0.00042543
0.0031,0.00042712
0.003105,0.00042881
0.00311,0.0004305
0.003115,0.00043219
0.00312,0.00043388
0.003125,0.00043557
0.00313,0.00043726
0.003135,0.00043896
0.00314,0.00044065
0.003145,0.00044235
0.00315,0.00044405
0.003155,0.00044575
0.00316,0.00044745
0.003165,0.00044915
0.00317,0.00045085
0.003175,0.00045256
0.00318,0.00045428
0.003185,0.00045599
0.00319,0.00045772
0.003195,0.00045945
0.0032,0.00046118
0.003205,0.00046292
0.00321,0.00046467
0.003215,0.00046643
0.00322,0.0004682
0.003225,0.00046997
0.00323,0.00047176
0.003235,0.00047355
0.00324,0.00047536
0.003245,0.00047717
0.00325,0.000479
0.003255,0.00048084
0.00326,0.00048268
0.003265,0.00048454
0.00327,0.00048641
0.003275,0.00048828
0.00328,0.00049017
0.003285,0.00049206
0.00329,0.00049396
0.003295,0.00049587
0.0033,0.00049779
0.003305,0.00049971
0.00331,0.00050164
0.003315,0.00050357
0.00332,0.00050551
0.003325,0.00050745
0.00333,0.0005094
0.003335,0.00051135
0.00334,0.0005133
0.003345,0.00051525
0.00335,0.00051721
0.003355,0.00051916
0.00336,0.00052112
0.003365,0.00052307
0.00337,0.00052503
0.003375,0.00052699
0.00338,0.00052895
0.003385,0.00053092
0.00339,0.00053288
0.003395,0.00053485
0.0034,0.00053682
0.003405,0.00053879
0.00341,0.00054077
0.003415,0.00054275
0.00342,0.00054474
0.003425,0.00054673
0.00343,0.00054873
0.003435,0.00055074
0.00344,0.00055275
0.003445,0.00055478
0.00345,0.00055681
0.003455,0.00055886
0.00346,0.00056091
0.003465,0.00056298
0.00347,0.00056506
0.003475,0.00056715
0.00348,0.00056925
0.003485,0.00057137
0.00349,0.0005735
0.003495,0.00057564
0.0035,0.00057779
0.003505,0.00057995
0.00351,0.00058213
0.003515,0.00058431
0.00352,0.00058651
0.003525,0.00058871
0.00353,0.00059093
0.003535,0.00059315
0.00354,0.00059538
0.003545,0.00059762
0.00355,0.00059986
0.003555,0.00060211
0.00356,0.00060437
0.003565,0.00060662
0.00357,0.00060889
0.003575,0.00061115
0.00358,0.00061342
0.003585,0.00061569
0.00359,0.00061796
0.003595,0.00062023
0.0036,0.0006225
0.003605,0.00062478
0.00361,0.00062706
0.003615,0.00062933
0.00362,0.00063162
0.003625,0.0006339
0.00363,0.00063618
0.003635,0.00063847
0.00364,0.00064077
0.003645,0.00064307
0.00365,0.00064537
0.003655,0.00064768
0.00366,0.00065
0.003665,0.00065233
0.00367,0.00065467
0.003675,0.00065702
0.00368,0.00065937
0.003685,0.00066174
0.00369,0.00066412
0.003695,0.00066652
0.0037,0.00066893
0.003705,0.00067135
0.00371,0.00067379
0.003715,0.00067624
0.00372,0.0006787
0.003725,0.00068118
0.00373,0.00068368
0.003735,0.00068619
0.00374,0.00068871
0.003745,0.00069125
0.00375,0.0006938
0.003755,0.00069636
0.00376,0.00069893
0.003765,0.00070152
0.00377,0.00070411
0.003775,0.00070671
0.00378,0.00070933
0.003785,0.00071195
0.00379,0.00071457
0.003795,0.00071721
0.0038,0.00071984
0.003805,0.00072249
0.00381,0.00072513
0.003815,0.00072778
0.00382,0.00073043
0.003825,0.00073309
0.00383,0.00073574
0.003835,0.0007384
0.00384,0.00074106
0.003845,0.00074372
0.00385,0.00074639
0.003855,0.00074906
0.00386,0.00075173
0.003865,0.0007544
0.00387,0.00075708
0.003875,0.00075977
0.00388,0.00076246
0.003885,0.00076516
0.00389,0.00076787
0.003895,0.00077059
0.0039,0.00077332
0.003905,0.00077606
0.00391,0.00077881
0.003915,0.00078157
0.00392,0.00078435
0.003925,0.00078715
0.00393,0.00078996
0.003935,0.00079278
0.00394,0.00079563
0.003945,0.00079849
0.00395,0.00080136
0.003955,0.00080426
0.00396,0.00080717
0.003965,0.0008101
0.00397,0.00081305
0.003975,0.00081602
0.00398,0.000819
0.003985,0.00082199
0.00399,0.00082501
0.003995,0.00082803
0.004,0.00083107
0.004005,0.00083412
0.00401,0.00083719
0.004015,0.00084026
0.00402,0.00084334
0.004025,0.00084643
0.00403,0.00084953
0.004035,0.00085263
0.00404,0.00085574
0.004045,0.00085886
0.00405,0.00086197
0.004055,0.0008651
0.00406,0.00086822
0.004065,0.00087135
0.00407,0.00087448
0.004075,0.00087762
0.00408,0.00088075
0.004085,0.0008839
0.00409,0.00088704
0.004095,0.00089019
0.0041,0.00089335
0.004105,0.00089651
0.00411,0.00089968
0.004115,0.00090285
0.00412,0.00090604
0.004125,0.00090924
0.00413,0.00091245
0.004135,0.00091567
0.00414,0.00091891
0.004145,0.00092216
0.00415,0.00092543
0.004155,0.00092872
0.00416,0.00093202
0.004165,0.00093535
0.00417,0.00093869
0.004175,0.00094206
0.00418,0.00094544
0.004185,0.00094885
0.00419,0.00095228
0.004195,0.00095573
0.0042,0.0009592
0.004205,0.0009627
0.00421,0.00096621
0.004215,0.00096974
0.00422,0.0009733
0.004225,0.00097687
0.00423,0.00098045
0.004235,0.00098406
0.00424,0.00098768
0.004245,0.00099131
0.00425,0.00099495
0.004255,0.00099861
0.00426,0.0010023
0.004265,0.0010059
0.00427,0.0010096
0.004275,0.0010133
0.00428,0.001017
0.004285,0.0010207
0.00429,0.0010244
0.004295,0.0010281
0.0043,0.0010318
0.004305,0.0010356
0.00431,0.0010393
0.004315,0.001043
0.00432,0.0010467
0.004325,0.0010505
0.00433,0.0010542
0.004335,0.001058
0.00434,0.0010617
0.004345,0.0010655
0.00435,0.0010693
0.004355,0.0010731
0.00436,0.0010769
0.004365,0.0010807
0.00437,0.0010845
0.004375,0.0010884
0.00438,0.0010923
0.004385,0.0010962
0.00439,0.0011001
0.004395,0.001104
0.0044,0.001108
0.004405,0.001112
0.00441,0.001116
0.004415,0.0011201
0.00442,0.0011241
0.004425,0.0011282
0.00443,0.0011323
0.004435,0.0011365
0.00444,0.0011407
0.004445,0.0011449
0.00445,0.0011491
0.004455,0.0011533
0.00446,0.0011576
0.004465,0.0011619
0.00447,0.0011662
0.004475,0.0011705
0.00448,0.0011748
0.004485,0.0011792
0.00449,0.0011836
0.004495,0.0011879
0.0045,0.0011923
0.004505,0.0011967
0.00451,0.0012011
0.004515,0.0012056
0.00452,0.00121
0.004525,0.0012144
0.00453,0.0012188
0.004535,0.0012233
0.00454,0.0012277
0.004545,0.0012322
0.00455,0.0012366
0.004555,0.0012411
0.00456,0.0012456
0.004565,0.0012501
0.00457,0.0012545
0.004575,0.0012591
0.00458,0.0012636
0.004585,0.0012681
0.00459,0.0012726
0.004595,0.0012772
0.0046,0.0012818
0.004605,0.0012864
0.00461,0.001291
0.004615,0.0012957
0.00462,0.0013004
0.004625,0.0013051
0.00463,0.0013098
0.004635,0.0013146
0.00464,0.0013194
0.004645,0.0013242
0.00465,0.0013291
0.004655,0.001334
0.00466,0.0013389
0.004665,0.0013439
0.00467,0.0013488
0.004675,0.0013539
0.00468,0.0013589
0.004685,0.001364
0.00469,0.0013691
0.004695,0.0013742
0.0047,0.0013794
0.004705,0.0013846
0.00471,0.0013898
0.004715,0.001395
0.00472,0.0014002
0.004725,0.0014055
0.00473,0.0014107
0.004735,0.001416
0.00474,0.0014213
0.004745,0.0014266
0.00475,0.0014319
0.004755,0.0014372
0.00476,0.0014425
0.004765,0.0014479
0.00477,0.0014532
0.004775,0.0014585
0.00478,0.0014639
0.004785,0.0014693
0.00479,0.0014746
0.004795,0.00148
0.0048,0.0014854
0.004805,0.0014908
0.00481,0.0014962
0.004815,0.0015017
0.00482,0.0015071
0.004825,0.0015126
0.00483,0.0015181
0.004835,0.0015237
0.00484,0.0015292
0.004845,0.0015348
0.00485,0.0015404
0.004855,0.0015461
0.00486,0.0015518
0.004865,0.0015575
0.00487,0.0015633
0.004875,0.0015691
0.00488,0.0015749
0.004885,0.0015808
0.00489,0.0015867
0.004895,0.0015926
0.0049,0.0015986
0.004905,0.0016047
0.00491,0.0016107
0.004915,0.0016168
0.00492,0.001623
0.004925,0.0016291
0.00493,0.0016353
0.004935,0.0016415
0.00494,0.0016478
0.004945,0.0016541
0.00495,0.0016604
0.004955,0.0016667
0.00496,0.001673
0.004965,0.0016793
0.00497,0.0016857
0.004975,0.0016921
0.00498,0.0016985
0.004985,0.0017049
0.00499,0.0017113
0.004995,0.0017177
0.005,0.0017241
0.005005,0.0017305
0.00501,0.001737
0.005015,0.0017434
0.00502,0.0017499
0.005025,0.0017564
0.00503,0.0017629
0.005035,0.0017694
0.00504,0.0017759
0.005045,0.0017825
0.00505,0.001789
0.005055,0.0017956
0.00506,0.0018023
0.005065,0.0018089
0.00507,0.0018156
0.005075,0.0018223
0.00508,0.0018291
0.005085,0.0018359
0.00509,0.0018427
0.005095,0.0018496
0.0051,0.0018566
0.005105,0.0018635
0.00511,0.0018705
0.005115,0.0018776
0.00512,0.0018847
0.005125,0.0018919
0.00513,0.0018991
0.005135,0.0019063
0.00514,0.0019136
0.005145,0.001921
0.00515,0.0019283
0.005155,0.0019357
0.00516,0.0019432
0.005165,0.0019507
0.00517,0.0019582
0.005175,0.0019657
0.00518,0.0019733
0.005185,0.0019809
0.00519,0.0019885
0.005195,0.0019961
0.0052,0.0020038
0.005205,0.0020114
0.00521,0.0020191
0.005215,0.0020268
0.00522,0.0020345
0.005225,0.0020422
0.00523,0.00205
0.005235,0.0020577
0.00524,0.0020654
0.005245,0.0020732
0.00525,0.002081
0.005255,0.0020888
0.00526,0.0020966
0.005265,0.0021044
0.00527,0.0021122
0.005275,0.0021201
0.00528,0.002128
0.005285,0.0021359
0.00529,0.0021439
0.005295,0.0021519
0.0053,0.0021599
0.005305,0.002168
0.00531,0.0021761
0.005315,0.0021843
0.00532,0.0021925
0.005325,0.0022008
0.00533,0.0022091
0.005335,0.0022175
0.00534,0.0022259
0.005345,0.0022344
0.00535,0.0022429
0.005355,0.0022515
0.00536,0.0022601
0.005365,0.0022688
0.00537,0.0022775
0.005375,0.0022863
0.00538,0.0022952
0.005385,0.002304
0.00539,0.0023129
0.005395,0.0023219
0.0054,0.0023309
0.005405,0.0023399
0.00541,0.002349
0.005415,0.0023581
0.00542,0.0023672
0.005425,0.0023763
0.00543,0.0023855
0.005435,0.0023946
0.00544,0.0024038
0.005445,0.002413
0.00545,0.0024222
0.005455,0.0024315
0.00546,0.0024407
0.005465,0.00245
0.00547,0.0024592
0.005475,0.0024685
0.00548,0.0024778
0.005485,0.0024871
0.00549,0.0024965
0.005495,0.0025058
0.0055,0.0025152
0.005505,0.0025246
0.00551,0.002534
0.005515,0.0025435
0.00552,0.002553
0.005525,0.0025626
0.00553,0.0025722
0.005535,0.0025818
0.00554,0.0025915
0.005545,0.0026013
0.00555,0.0026111
0.005555,0.0026209
0.00556,0.0026308
0.005565,0.0026408
0.00557,0.0026508
0.005575,0.0026609
0.00558,0.0026711
0.005585,0.0026813
0.00559,0.0026916
0.005595,0.0027019
0.0056,0.0027123
0.005605,0.0027228
0.00561,0.0027333
0.005615,0.0027438
0.00562,0.0027544
0.005625,0.002765
0.00563,0.0027757
0.005635,0.0027864
0.00564,0.0027972
0.005645,0.002808
0.00565,0.0028188
0.005655,0.0028296
0.00566,0.0028404
0.005665,0.0028513
0.00567,0.0028622
0.005675,0.0028731
0.00568,0.002884
0.005685,0.0028949
0.00569,0.0029059
0.005695,0.0029168
0.0057,0.0029278
0.005705,0.0029388
0.00571,0.0029498
0.005715,0.0029608
0.00572,0.0029719
0.005725,0.002983
0.00573,0.0029941
0.005735,0.0030052
0.00574,0.0030164
0.005745,0.0030276
0.00575,0.0030388
0.005755,0.0030501
0.00576,0.0030614
0.005765,0.0030728
0.00577,0.0030843
0.005775,0.0030958
0.00578,0.0031074
0.005785,0.003119
0.00579,0.0031307
0.005795,0.0031424
0.0058,0.0031543
0.005805,0.0031661
0.00581,0.0031781
0.005815,0.0031901
0.00582,0.0032022
0.005825,0.0032144
0.00583,0.0032266
0.005835,0.0032388
0.00584,0.0032512
0.005845,0.0032635
0.00585,0.003276
0.005855,0.0032884
0.00586,0.0033009
0.005865,0.0033135
0.00587,0.0033261
0.005875,0.0033387
0.00588,0.0033513
0.005885,0.003364
0.00589,0.0033767
0.005895,0.0033894
0.0059,0.0034021
0.005905,0.0034148
0.00591,0.0034276
0.005915,0.0034403
0.00592,0.0034531
0.005925,0.0034659
0.00593,0.0034787
0.005935,0.0034915
0.00594,0.0035044
0.005945,0.0035172
0.00595,0.0035301
0.005955,0.003543
0.00596,0.003556
0.005965,0.003569
0.00597,0.003582
0.005975,0.003595
0.00598,0.0036081
0.005985,0.0036213
0.00599,0.0036345
0.005995,0.0036477
0.006,0.0036611
0.006005,0.0036744
0.00601,0.0036879
0.006015,0.0037014
0.00602,0.003715
0.006025,0.0037286
0.00603,0.0037423
0.006035,0.0037561
0.00604,0.00377
0.006045,0.0037839
0.00605,0.0037979
0.006055,0.0038119
0.00606,0.003826
0.006065,0.0038402
0.00607,0.0038544
0.006075,0.0038687
0.00608,0.003883
0.006085,0.0038973
0.00609,0.0039118
0.006095,0.0039262
0.0061,0.0039407
0.006105,0.0039552
0.00611,0.0039697
0.006115,0.0039842
0.00612,0.0039988
0.006125,0.0040134
0.00613,0.004028
0.006135,0.0040426
0.00614,0.0040572
0.006145,0.0040718
0.00615,0.0040865
0.006155,0.0041011
0.00616,0.0041158
0.006165,0.0041305
0.00617,0.0041452
0.006175,0.0041599
0.00618,0.0041747
0.006185,0.0041895
0.00619,0.0042043
0.006195,0.0042191
0.0062,0.004234
0.006205,0.0042489
0.00621,0.0042639
0.006215,0.0042789
0.00622,0.004294
0.006225,0.0043091
0.00623,0.0043243
0.006235,0.0043395
0.00624,0.0043549
0.006245,0.0043703
0.00625,0.0043857
0.006255,0.0044012
0.00626,0.0044168
0.006265,0.0044325
0.00627,0.0044482
0.006275,0.004464
0.00628,0.0044798
0.006285,0.0044957
0.00629,0.0045117
0.006295,0.0045277
0.0063,0.0045438
0.006305,0.0045599
0.00631,0.0045761
0.006315,0.0045923
0.00632,0.0046085
0.006325,0.0046248
0.00633,0.0046411
0.006335,0.0046574
0.00634,0.0046737
0.006345,0.0046901
0.00635,0.0047064
0.006355,0.0047228
0.00636,0.0047392
0.006365,0.0047556
0.00637,0.004772
0.006375,0.0047884
0.00638,0.0048048
0.006385,0.0048212
0.00639,0.0048376
0.006395,0.0048541
0.0064,0.0048706
0.006405,0.004887
0.00641,0.0049035
0.006415,0.0049201
0.00642,0.0049366
0.006425,0.0049532
0.00643,0.0049698
0.006435,0.0049865
0.00644,0.0050032
0.006445,0.00502
0.00645,0.0050368
0.006455,0.0050536
0.00646,0.0050706
0.006465,0.0050875
0.00647,0.0051046
0.006475,0.0051217
0.00648,0.0051389
0.006485,0.0051561
0.00649,0.0051734
0.006495,0.0051908
0.0065,0.0052082
0.006505,0.0052257
0.00651,0.0052432
0.006515,0.0052608
0.00652,0.0052784
0.006525,0.0052961
0.00653,0.0053138
0.006535,0.0053316
0.00654,0.0053494
0.006545,0.0053672
0.00655,0.0053851
0.006555,0.0054029
0.00656,0.0054208
0.006565,0.0054387
0.00657,0.0054566
0.006575,0.0054745
0.00658,0.0054925
0.006585,0.0055104
0.00659,0.0055283
0.006595,0.0055462
0.0066,0.0055641
0.006605,0.005582
0.00661,0.0056
0.006615,0.0056179
0.00662,0.0056358
0.006625,0.0056537
0.00663,0.0056717
0.006635,0.0056896
0.00664,0.0057076
0.006645,0.0057256
0.00665,0.0057436
0.006655,0.0057616
0.00666,0.0057797
0.006665,0.0057978
0.00667,0.005816
0.006675,0.0058341
0.00668,0.0058524
0.006685,0.0058707
0.00669,0.005889
0.006695,0.0059074
0.0067,0.0059258
0.006705,0.0059443
0.00671,0.0059629
0.006715,0.0059815
0.00672,0.0060001
0.006725,0.0060189
0.00673,0.0060376
0.006735,0.0060564
0.00674,0.0060753
0.006745,0.0060942
0.00675,0.0061131
0.006755,0.0061321
0.00676,0.0061511
0.006765,0.0061701
0.00677,0.0061891
0.006775,0.0062082
0.00678,0.0062273
0.006785,0.0062463
0.00679,0.0062654
0.006795,0.0062845
0.0068,0.0063035
0.006805,0.0063226
0.00681,0.0063417
0.006815,0.0063607
0.00682,0.0063797
0.006825,0.0063987
0.00683,0.0064177
0.006835,0.0064367
0.00684,0.0064557
0.006845,0.0064747
0.00685,0.0064936
0.006855,0.0065126
0.00686,0.0065316
0.006865,0.0065505
0.00687,0.0065695
0.006875,0.0065885
0.00688,0.0066075
0.006885,0.0066265
0.00689,0.0066455
0.006895,0.0066645
0.0069,0.0066836
0.006905,0.0067027
0.00691,0.0067219
0.006915,0.0067411
0.00692,0.0067603
0.006925,0.0067796
0.00693,0.0067989
0.006935,0.0068182
0.00694,0.0068376
0.006945,0.0068571
0.00695,0.0068765
0.006955,0.0068961
0.00696,0.0069156
0.006965,0.0069352
0.00697,0.0069548
0.006975,0.0069744
0.00698,0.0069941
0.006985,0.0070138
0.00699,0.0070335
0.006995,0.0070532
0.007,0.0070728
0.007005,0.0070925
0.00701,0.0071122
0.007015,0.0071319
0.00702,0.0071516
0.007025,0.0071712
0.00703,0.0071908
0.007035,0.0072104
0.00704,0.00723
0.007045,0.0072496
0.00705,0.0072691
0.007055,0.0072886
0.00706,0.007308
0.007065,0.0073275
0.00707,0.0073469
0.007075,0.0073663
0.00708,0.0073856
0.007085,0.007405
0.00709,0.0074243
0.007095,0.0074436
0.0071,0.0074629
0.007105,0.0074822
0.00711,0.0075015
0.007115,0.0075208
0.00712,0.0075401
0.007125,0.0075594
0.00713,0.0075788
0.007135,0.0075981
0.00714,0.0076175
0.007145,0.0076369
0.00715,0.0076563
0.007155,0.0076757
0.00716,0.0076952
0.007165,0.0077147
0.00717,0.0077342
0.007175,0.0077537
0.00718,0.0077732
0.007185,0.0077928
0.00719,0.0078124
0.007195,0.007832
0.0072,0.0078516
0.007205,0.0078712
0.00721,0.0078909
0.007215,0.0079105
0.00722,0.0079301
0.007225,0.0079497
0.00723,0.0079693
0.007235,0.0079889
0.00724,0.0080084
0.007245,0.0080279
0.00725,0.0080474
0.007255,0.0080668
0.00726,0.0080863
0.007265,0.0081056
0.00727,0.0081249
0.007275,0.0081442
0.00728,0.0081634
0.007285,0.0081826
0.00729,0.0082017
0.007295,0.0082208
0.0073,0.0082399
0.007305,0.0082589
0.00731,0.0082778
0.007315,0.0082967
0.00732,0.0083156
0.007325,0.0083345
0.00733,0.0083533
0.007335,0.0083721
0.00734,0.0083909
0.007345,0.0084097
0.00735,0.0084284
0.007355,0.0084471
0.00736,0.0084659
0.007365,0.0084846
0.00737,0.0085033
0.007375,0.0085221
0.00738,0.0085408
0.007385,0.0085595
0.00739,0.0085782
0.007395,0.008597
0.0074,0.0086157
0.007405,0.0086345
0.00741,0.0086532
0.007415,0.008672
0.00742,0.0086907
0.007425,0.0087095
0.00743,0.0087282
0.007435,0.0087469
0.00744,0.0087656
0.007445,0.0087843
0.00745,0.0088029
0.007455,0.0088215
0.00746,0.0088401
0.007465,0.0088587
0.00747,0.0088772
0.007475,0.0088956
0.00748,0.008914
0.007485,0.0089324
0.00749,0.0089507
0.007495,0.0089689
0.0075,0.0089871
0.007505,0.0090052
0.00751,0.0090232
0.007515,0.0090412
0.00752,0.0090591
0.007525,0.0090769
0.00753,0.0090947
0.007535,0.0091124
0.00754,0.0091301
0.007545,0.0091477
0.00755,0.0091652
0.007555,0.0091827
0.00756,0.0092002
0.007565,0.0092176
0.00757,0.0092349
0.007575,0.0092522
0.00758,0.0092695
0.007585,0.0092867
0.00759,0.0093039
0.007595,0.0093211
0.0076,0.0093383
0.007605,0.0093554
0.00761,0.0093726
0.007615,0.0093897
0.00762,0.0094067
0.007625,0.0094238
0.00763,0.0094408
0.007635,0.0094579
0.00764,0.0094749
0.007645,0.0094919
0.00765,0.0095088
0.007655,0.0095257
0.00766,0.0095427
0.007665,0.0095595
0.00767,0.0095764
0.007675,0.0095932
0.00768,0.0096099
0.007685,0.0096266
0.00769,0.0096433
0.007695,0.0096599
0.0077,0.0096764
0.007705,0.0096929
0.00771,0.0097093
0.007715,0.0097256
0.00772,0.0097419
0.007725,0.0097581
0.00773,0.0097742
0.007735,0.0097902
0.00774,0.0098062
0.007745,0.0098221
0.00775,0.0098378
0.007755,0.0098535
0.00776,0.0098692
0.007765,0.0098847
0.00777,0.0099002
0.007775,0.0099156
0.00778,0.0099309
0.007785,0.0099461
0.00779,0.0099613
0.007795,0.0099764
0.0078,0.0099914
0.007805,0.010006
0.00781,0.010021
0.007815,0.010036
0.00782,0.010051
0.007825,0.010066
0.00783,0.01008
0.007835,0.010095
0.00784,0.01011
0.007845,0.010124
0.00785,0.010139
0.007855,0.010153
0.00786,0.010168
0.007865,0.010182
0.00787,0.010197
0.007875,0.010211
0.00788,0.010225
0.007885,0.01024
0.00789,0.010254
0.007895,0.010268
0.0079,0.010282
0.007905,0.010296
0.00791,0.01031
0.007915,0.010324
0.00792,0.010338
0.007925,0.010352
0.00793,0.010366
0.007935,0.010379
0.00794,0.010393
0.007945,0.010406
0.00795,0.01042
0.007955,0.010433
0.00796,0.010446
0.007965,0.01046
0.00797,0.010473
0.007975,0.010486
0.00798,0.010499
0.007985,0.010511
0.00799,0.010524
0.007995,0.010537
0.008,0.010549
