0,8.5716e-09
5e-06,3.4242e-08
1e-05,7.6879e-08
1.5e-05,1.3626e-07
2e-05,2.121e-07
2.5e-05,3.0402e-07
3e-05,4.1159e-07
3.5e-05,5.3434e-07
4e-05,6.7173e-07
4.5e-05,8.2324e-07
5e-05,9.883e-07
5.5e-05,1.1664e-06
6e-05,1.357e-06
6.5e-05,1.5595e-06
7e-05,1.7736e-06
7.5e-05,1.9989e-06
8e-05,2.235e-06
8.5e-05,2.4817e-06
9e-05,2.7388e-06
9.5e-05,3.0063e-06
0.0001,3.2842e-06
0.000105,3.5726e-06
0.00011,3.8717e-06
0.000115,4.1818e-06
0.00012,4.5033e-06
0.000125,4.8368e-06
0.00013,5.1827e-06
0.000135,5.5417e-06
0.00014,5.9143e-06
0.000145,6.3015e-06
0.00015,6.7039e-06
0.000155,7.1222e-06
0.00016,7.5573e-06
0.000165,8.01e-06
0.00017,8.481e-06
0.000175,8.9709e-06
0.00018,9.4806e-06
0.000185,1.0011e-05
0.00019,1.0561e-05
0.000195,1.1133e-05
0.0002,1.1727e-05
0.000205,1.2342e-05
0.00021,1.298e-05
0.000215,1.3639e-05
0.00022,1.432e-05
0.000225,1.5023e-05
0.00023,1.5747e-05
0.000235,1.6491e-05
0.00024,1.7255e-05
0.000245,1.8038e-05
0.00025,1.8838e-05
0.000255,1.9657e-05
0.00026,2.049e-05
0.000265,2.1339e-05
0.00027,2.2201e-05
0.000275,2.3076e-05
0.00028,2.3962e-05
0.000285,2.4857e-05
0.00029,2.5761e-05
0.000295,2.6673e-05
0.0003,2.7592e-05
0.000305,2.8516e-05
0.00031,2.9445e-05
0.000315,3.0378e-05
0.00032,3.1316e-05
0.000325,3.2257e-05
0.00033,3.3202e-05
0.000335,3.415e-05
0.00034,3.5103e-05
0.000345,3.6061e-05
0.00035,3.7025e-05
0.000355,3.7995e-05
0.00036,3.8972e-05
0.000365,3.9959e-05
0.00037,4.0956e-05
0.000375,4.1965e-05
0.00038,4.2988e-05
0.000385,4.4025e-05
0.00039,4.508e-05
0.000395,4.6154e-05
0.0004,4.7248e-05
0.000405,4.8364e-05
0.00041,4.9504e-05
0.000415,5.0669e-05
0.00042,5.1861e-05
0.000425,5.3081e-05
0.00043,5.433e-05
0.000435,5.5609e-05
0.00044,5.6919e-05
0.000445,5.826e-05
0.00045,5.9632e-05
0.000455,6.1035e-05
0.00046,6.2469e-05
0.000465,6.3934e-05
0.00047,6.5428e-05
0.000475,6.6952e-05
0.00048,6.8502e-05
0.000485,7.0079e-05
0.00049,7.1681e-05
0.000495,7.3305e-05
0.0005,7.4949e-05
0.000505,7.6612e-05
0.00051,7.8292e-05
0.000515,7.9986e-05
0.00052,8.1691e-05
0.000525,8.3406e-05
0.00053,8.5129e-05
0.000535,8.6857e-05
0.00054,8.8588e-05
0.000545,9.0321e-05
0.00055,9.2054e-05
0.000555,9.3785e-05
0.00056,9.5515e-05
0.000565,9.7241e-05
0.00057,9.8963e-05
0.000575,0.00010068
0.00058,0.0001024
0.000585,0.00010411
0.00059,0.00010582
0.000595,0.00010753
0.0006,0.00010924
0.000605,0.00011095
0.00061,0.00011267
0.000615,0.0001144
0.00062,0.00011613
0.000625,0.00011788
0.00063,0.00011964
0.000635,0.00012142
0.00064,0.00012323
0.000645,0.00012505
0.00065,0.00012691
0.000655,0.00012879
0.00066,0.00013071
0.000665,0.00013266
0.00067,0.00013465
0.000675,0.00013667
0.00068,0.00013874
0.000685,0.00014085
0.00069,0.000143
0.000695,0.0001452
0.0007,0.00014744
0.000705,0.00014972
0.00071,0.00015205
0.000715,0.00015441
0.00072,0.00015682
0.000725,0.00015926
0.00073,0.00016174
0.000735,0.00016425
0.00074,0.0001668
0.000745,0.00016937
0.00075,0.00017197
0.000755,0.00017458
0.00076,0.00017722
0.000765,0.00017987
0.00077,0.00018253
0.000775,0.00018519
0.00078,0.00018786
0.000785,0.00019054
0.00079,0.0001932
0.000795,0.00019587
0.0008,0.00019853
0.000805,0.00020118
0.00081,0.00020381
0.000815,0.00020644
0.00082,0.00020906
0.000825,0.00021166
0.00083,0.00021426
0.000835,0.00021684
0.00084,0.00021942
0.000845,0.00022199
0.00085,0.00022455
0.000855,0.00022712
0.00086,0.00022969
0.000865,0.00023227
0.00087,0.00023485
0.000875,0.00023745
0.00088,0.00024008
0.000885,0.00024272
0.00089,0.00024539
0.000895,0.0002481
0.0009,0.00025084
0.000905,0.00025362
0.00091,0.00025645
0.000915,0.00025933
0.00092,0.00026226
0.000925,0.00026524
0.00093,0.00026827
0.000935,0.00027137
0.00094,0.00027452
0.000945,0.00027773
0.00095,0.000281
0.000955,0.00028433
0.00096,0.00028771
0.000965,0.00029115
0.00097,0.00029464
0.000975,0.00029818
0.00098,0.00030177
0.000985,0.0003054
0.00099,0.00030907
0.000995,0.00031277
0.001,0.0003165
0.001005,0.00032026
0.00101,0.00032403
0.001015,0.00032782
0.00102,0.00033161
0.001025,0.00033541
0.00103,0.00033921
0.001035,0.000343
0.00104,0.00034678
0.001045,0.00035056
0.00105,0.00035431
0.001055,0.00035805
0.00106,0.00036177
0.001065,0.00036547
0.00107,0.00036915
0.001075,0.00037281
0.00108,0.00037645
0.001085,0.00038008
0.00109,0.00038369
0.001095,0.00038729
0.0011,0.00039089
0.001105,0.00039448
0.00111,0.00039808
0.001115,0.00040169
0.00112,0.00040532
0.001125,0.00040897
0.00113,0.00041264
0.001135,0.00041635
0.00114,0.0004201
0.001145,0.0004239
0.00115,0.00042775
0.001155,0.00043166
0.00116,0.00043563
0.001165,0.00043967
0.00117,0.00044378
0.001175,0.00044797
0.00118,0.00045223
0.001185,0.00045658
0.00119,0.000461
0.001195,0.0004655
0.0012,0.00047008
0.001205,0.00047474
0.00121,0.00047947
0.001215,0.00048428
0.00122,0.00048915
0.001225,0.00049408
0.00123,0.00049908
0.001235,0.00050412
0.00124,0.00050921
0.001245,0.00051434
0.00125,0.0005195
0.001255,0.00052468
0.00126,0.00052988
0.001265,0.0005351
0.00127,0.00054031
0.001275,0.00054553
0.00128,0.00055073
0.001285,0.00055592
0.00129,0.00056109
0.001295,0.00056624
0.0013,0.00057136
0.001305,0.00057646
0.00131,0.00058152
0.001315,0.00058655
0.00132,0.00059156
0.001325,0.00059654
0.00133,0.00060149
0.001335,0.00060643
0.00134,0.00061135
0.001345,0.00061626
0.00135,0.00062116
0.001355,0.00062608
0.00136,0.000631
0.001365,0.00063595
0.00137,0.00064093
0.001375,0.00064594
0.00138,0.00065101
0.001385,0.00065613
0.00139,0.00066132
0.001395,0.00066658
0.0014,0.00067192
0.001405,0.00067735
0.00141,0.00068287
0.001415,0.00068849
0.00142,0.00069422
0.001425,0.00070005
0.00143,0.00070599
0.001435,0.00071204
0.00144,0.0007182
0.001445,0.00072447
0.00145,0.00073085
0.001455,0.00073732
0.00146,0.0007439
0.001465,0.00075056
0.00147,0.00075731
0.001475,0.00076414
0.00148,0.00077103
0.001485,0.00077798
0.00149,0.00078498
0.001495,0.00079202
0.0015,0.00079909
0.001505,0.00080618
0.00151,0.00081328
0.001515,0.00082038
0.00152,0.00082747
0.001525,0.00083454
0.00153,0.00084159
0.001535,0.00084861
0.00154,0.00085559
0.001545,0.00086254
0.00155,0.00086945
0.001555,0.00087631
0.00156,0.00088313
0.001565,0.00088992
0.00157,0.00089667
0.001575,0.00090339
0.00158,0.00091009
0.001585,0.00091678
0.00159,0.00092345
0.001595,0.00093014
0.0016,0.00093684
0.001605,0.00094357
0.00161,0.00095034
0.001615,0.00095716
0.00162,0.00096404
0.001625,0.00097101
0.00163,0.00097806
0.001635,0.00098522
0.00164,0.00099249
0.001645,0.00099988
0.00165,0.0010074
0.001655,0.0010151
0.00166,0.0010229
0.001665,0.0010308
0.00167,0.0010389
0.001675,0.0010472
0.00168,0.0010556
0.001685,0.0010642
0.00169,0.0010729
0.001695,0.0010818
0.0017,0.0010908
0.001705,0.0010999
0.00171,0.0011092
0.001715,0.0011185
0.00172,0.001128
0.001725,0.0011375
0.00173,0.0011471
0.001735,0.0011567
0.00174,0.0011664
0.001745,0.0011761
0.00175,0.0011858
0.001755,0.0011955
0.00176,0.0012052
0.001765,0.0012149
0.00177,0.0012245
0.001775,0.0012341
0.00178,0.0012436
0.001785,0.0012531
0.00179,0.0012625
0.001795,0.0012719
0.0018,0.0012812
0.001805,0.0012904
0.00181,0.0012996
0.001815,0.0013088
0.00182,0.001318
0.001825,0.0013271
0.00183,0.0013362
0.001835,0.0013454
0.00184,0.0013546
0.001845,0.0013638
0.00185,0.0013731
0.001855,0.0013825
0.00186,0.0013921
0.001865,0.0014017
0.00187,0.0014114
0.001875,0.0014214
0.00188,0.0014315
0.001885,0.0014417
0.00189,0.0014522
0.001895,0.0014629
0.0019,0.0014737
0.001905,0.0014848
0.00191,0.0014961
0.001915,0.0015077
0.00192,0.0015194
0.001925,0.0015313
0.00193,0.0015435
0.001935,0.0015558
0.00194,0.0015683
0.001945,0.001581
0.00195,0.0015938
0.001955,0.0016067
0.00196,0.0016197
0.001965,0.0016329
0.00197,0.001646
0.001975,0.0016593
0.00198,0.0016725
0.001985,0.0016858
0.00199,0.001699
0.001995,0.0017122
0.002,0.0017253
0.002005,0.0017384
0.00201,0.0017515
0.002015,0.0017644
0.00202,0.0017773
0.002025,0.00179
0.00203,0.0018027
0.002035,0.0018153
0.00204,0.0018279
0.002045,0.0018403
0.00205,0.0018528
0.002055,0.0018652
0.00206,0.0018775
0.002065,0.0018899
0.00207,0.0019024
0.002075,0.0019148
0.00208,0.0019274
0.002085,0.0019401
0.00209,0.0019528
0.002095,0.0019658
0.0021,0.0019789
0.002105,0.0019922
0.00211,0.0020057
0.002115,0.0020195
0.00212,0.0020335
0.002125,0.0020477
0.00213,0.0020623
0.002135,0.0020771
0.00214,0.0020922
0.002145,0.0021075
0.00215,0.0021232
0.002155,0.0021391
0.00216,0.0021552
0.002165,0.0021716
0.00217,0.0021882
0.002175,0.002205
0.00218,0.002222
0.002185,0.0022391
0.00219,0.0022564
0.002195,0.0022737
0.0022,0.0022911
0.002205,0.0023086
0.00221,0.002326
0.002215,0.0023435
0.00222,0.0023609
0.002225,0.0023782
0.00223,0.0023954
0.002235,0.0024126
0.00224,0.0024296
0.002245,0.0024465
0.00225,0.0024633
0.002255,0.00248
0.00226,0.0024965
0.002265,0.002513
0.00227,0.0025293
0.002275,0.0025455
0.00228,0.0025616
0.002285,0.0025777
0.00229,0.0025938
0.002295,0.0026099
0.0023,0.002626
0.002305,0.0026421
0.00231,0.0026584
0.002315,0.0026747
0.00232,0.0026913
0.002325,0.0027079
0.00233,0.0027248
0.002335,0.0027419
0.00234,0.0027593
0.002345,0.0027769
0.00235,0.0027948
0.002355,0.002813
0.00236,0.0028315
0.002365,0.0028503
0.00237,0.0028694
0.002375,0.0028889
0.00238,0.0029086
0.002385,0.0029286
0.00239,0.0029488
0.002395,0.0029693
0.0024,0.00299
0.002405,0.0030109
0.00241,0.0030319
0.002415,0.003053
0.00242,0.0030743
0.002425,0.0030956
0.00243,0.0031169
0.002435,0.0031382
0.00244,0.0031595
0.002445,0.0031807
0.00245,0.0032018
0.002455,0.0032228
0.00246,0.0032436
0.002465,0.0032643
0.00247,0.0032848
0.002475,0.0033052
0.00248,0.0033253
0.002485,0.0033453
0.00249,0.0033651
0.002495,0.0033848
0.0025,0.0034043
0.002505,0.0034237
0.00251,0.003443
0.002515,0.0034623
0.00252,0.0034815
0.002525,0.0035007
0.00253,0.0035199
0.002535,0.0035391
0.00254,0.0035585
0.002545,0.0035779
0.00255,0.0035975
0.002555,0.0036173
0.00256,0.0036373
0.002565,0.0036575
0.00257,0.0036779
0.002575,0.0036986
0.00258,0.0037196
0.002585,0.0037408
0.00259,0.0037624
0.002595,0.0037842
0.0026,0.0038062
0.002605,0.0038286
0.00261,0.0038511
0.002615,0.0038739
0.00262,0.003897
0.002625,0.0039201
0.00263,0.0039435
0.002635,0.0039669
0.00264,0.0039905
0.002645,0.004014
0.00265,0.0040376
0.002655,0.0040612
0.00266,0.0040847
0.002665,0.0041082
0.00267,0.0041315
0.002675,0.0041547
0.00268,0.0041777
0.002685,0.0042005
0.00269,0.0042232
0.002695,0.0042456
0.0027,0.0042678
0.002705,0.0042898
0.00271,0.0043115
0.002715,0.0043331
0.00272,0.0043544
0.002725,0.0043756
0.00273,0.0043966
0.002735,0.0044175
0.00274,0.0044382
0.002745,0.0044589
0.00275,0.0044795
0.002755,0.0045001
0.00276,0.0045207
0.002765,0.0045413
0.00277,0.004562
0.002775,0.0045828
0.00278,0.0046038
0.002785,0.0046248
0.00279,0.0046461
0.002795,0.0046675
0.0028,0.0046891
0.002805,0.0047109
0.00281,0.0047329
0.002815,0.0047552
0.00282,0.0047776
0.002825,0.0048003
0.00283,0.0048232
0.002835,0.0048462
0.00284,0.0048695
0.002845,0.0048928
0.00285,0.0049163
0.002855,0.0049399
0.00286,0.0049635
0.002865,0.0049872
0.00287,0.0050109
0.002875,0.0050345
0.00288,0.0050581
0.002885,0.0050816
0.00289,0.005105
0.002895,0.0051282
0.0029,0.0051513
0.002905,0.0051742
0.00291,0.0051969
0.002915,0.0052193
0.00292,0.0052415
0.002925,0.0052635
0.00293,0.0052853
0.002935,0.0053068
0.00294,0.0053281
0.002945,0.0053491
0.00295,0.00537
0.002955,0.0053907
0.00296,0.0054112
0.002965,0.0054315
0.00297,0.0054518
0.002975,0.0054719
0.00298,0.005492
0.002985,0.0055121
0.00299,0.0055321
0.002995,0.0055521
0.003,0.0055722
0.003005,0.0055924
0.00301,0.0056126
0.003015,0.0056329
0.00302,0.0056534
0.003025,0.005674
0.00303,0.0056947
0.003035,0.0057156
0.00304,0.0057367
0.003045,0.0057579
0.00305,0.0057792
0.003055,0.0058007
0.00306,0.0058223
0.003065,0.005844
0.00307,0.0058658
0.003075,0.0058877
0.00308,0.0059097
0.003085,0.0059317
0.00309,0.0059537
0.003095,0.0059757
0.0031,0.0059976
0.003105,0.0060195
0.00311,0.0060413
0.003115,0.006063
0.00312,0.0060845
0.003125,0.0061059
0.00313,0.0061271
0.003135,0.0061482
0.00314,0.006169
0.003145,0.0061896
0.00315,0.00621
0.003155,0.0062302
0.00316,0.0062502
0.003165,0.00627
0.00317,0.0062895
0.003175,0.0063089
0.00318,0.0063281
0.003185,0.0063471
0.00319,0.006366
0.003195,0.0063847
0.0032,0.0064034
0.003205,0.0064219
0.00321,0.0064404
0.003215,0.0064588
0.00322,0.0064772
0.003225,0.0064956
0.00323,0.006514
0.003235,0.0065325
0.00324,0.006551
0.003245,0.0065696
0.00325,0.0065882
0.003255,0.006607
0.00326,0.0066258
0.003265,0.0066448
0.00327,0.0066638
0.003275,0.006683
0.00328,0.0067022
0.003285,0.0067216
0.00329,0.006741
0.003295,0.0067605
0.0033,0.0067801
0.003305,0.0067997
0.00331,0.0068193
0.003315,0.006839
0.00332,0.0068587
0.003325,0.0068783
0.00333,0.0068979
0.003335,0.0069174
0.00334,0.0069369
0.003345,0.0069562
0.00335,0.0069755
0.003355,0.0069946
0.00336,0.0070136
0.003365,0.0070325
0.00337,0.0070512
0.003375,0.0070698
0.00338,0.0070882
0.003385,0.0071064
0.00339,0.0071245
0.003395,0.0071424
0.0034,0.0071601
0.003405,0.0071777
0.00341,0.0071952
0.003415,0.0072126
0.00342,0.0072298
0.003425,0.007247
0.00343,0.007264
0.003435,0.007281
0.00344,0.0072979
0.003445,0.0073148
0.00345,0.0073317
0.003455,0.0073486
0.00346,0.0073654
0.003465,0.0073823
0.00347,0.0073992
0.003475,0.0074162
0.00348,0.0074332
0.003485,0.0074503
0.00349,0.0074674
0.003495,0.0074846
0.0035,0.0075019
0.003505,0.0075192
0.00351,0.0075366
0.003515,0.007554
0.00352,0.0075716
0.003525,0.0075891
0.00353,0.0076067
0.003535,0.0076244
0.00354,0.007642
0.003545,0.0076597
0.00355,0.0076774
0.003555,0.007695
0.00356,0.0077127
0.003565,0.0077303
0.00357,0.0077478
0.003575,0.0077653
0.00358,0.0077827
0.003585,0.0078001
0.00359,0.0078174
0.003595,0.0078345
0.0036,0.0078516
0.003605,0.0078686
0.00361,0.0078855
0.003615,0.0079022
0.00362,0.0079189
0.003625,0.0079355
0.00363,0.0079519
0.003635,0.0079683
0.00364,0.0079846
0.003645,0.0080008
0.00365,0.0080169
0.003655,0.0080329
0.00366,0.0080489
0.003665,0.0080648
0.00367,0.0080807
0.003675,0.0080966
0.00368,0.0081124
0.003685,0.0081282
0.00369,0.0081441
0.003695,0.0081599
0.0037,0.0081757
0.003705,0.0081916
0.00371,0.0082074
0.003715,0.0082233
0.00372,0.0082393
0.003725,0.0082552
0.00373,0.0082712
0.003735,0.0082872
0.00374,0.0083033
0.003745,0.0083194
0.00375,0.0083355
0.003755,0.0083517
0.00376,0.0083679
0.003765,0.0083841
0.00377,0.0084003
0.003775,0.0084165
0.00378,0.0084327
0.003785,0.0084488
0.00379,0.008465
0.003795,0.0084812
0.0038,0.0084973
0.003805,0.0085134
0.00381,0.0085294
0.003815,0.0085454
0.00382,0.0085613
0.003825,0.0085772
0.00383,0.008593
0.003835,0.0086087
0.00384,0.0086244
0.003845,0.00864
0.00385,0.0086555
0.003855,0.0086709
0.00386,0.0086863
0.003865,0.0087016
0.00387,0.0087169
0.003875,0.008732
0.00388,0.0087472
0.003885,0.0087622
0.00389,0.0087772
0.003895,0.0087921
0.0039,0.008807
0.003905,0.0088219
0.00391,0.0088367
0.003915,0.0088515
0.00392,0.0088663
0.003925,0.008881
0.00393,0.0088957
0.003935,0.0089104
0.00394,0.0089251
0.003945,0.0089398
0.00395,0.0089545
0.003955,0.0089692
0.00396,0.0089839
0.003965,0.0089985
0.00397,0.0090132
0.003975,0.0090278
0.00398,0.0090425
0.003985,0.0090571
0.00399,0.0090718
0.003995,0.0090864
0.004,0.009101
