0,0.00045043
5e-06,0.0017947
1e-05,0.0040116
1.5e-05,0.0070665
2e-05,0.010911
2.5e-05,0.015486
3e-05,0.020717
3.5e-05,0.026524
4e-05,0.032814
4.5e-05,0.039487
5e-05,0.046439
5.5e-05,0.053559
6e-05,0.060733
6.5e-05,0.067848
7e-05,0.074791
7.5e-05,0.08145
8e-05,0.087719
8.5e-05,0.093498
9e-05,0.098695
9.5e-05,0.10322
0.0001,0.10702
0.000105,0.11001
0.00011,0.11215
0.000115,0.11341
0.00012,0.11377
0.000125,0.11322
0.00013,0.11177
0.000135,0.10945
0.00014,0.10628
0.000145,0.10233
0.00015,0.097662
0.000155,0.092341
0.00016,0.086458
0.000165,0.080107
0.00017,0.073391
0.000175,0.066415
0.00018,0.059293
0.000185,0.052137
0.00019,0.045061
0.000195,0.038178
0.0002,0.031596
0.000205,0.025421
0.00021,0.019748
0.000215,0.014669
0.00022,0.010261
0.000225,0.006596
0.00023,0.0037298
0.000235,0.0017073
0.00024,0.00056012
0.000245,0.00030584
0.00025,0.00094807
0.000255,0.0024763
0.00026,0.0048661
0.000265,0.0080794
0.00027,0.012065
0.000275,0.016761
0.00028,0.022091
0.000285,0.027972
0.00029,0.03431
0.000295,0.041005
0.0003,0.04795
0.000305,0.055036
0.00031,0.062148
0.000315,0.069174
0.00032,0.076002
0.000325,0.082522
0.00033,0.08863
0.000335,0.094228
0.00034,0.099227
0.000345,0.10355
0.00035,0.10712
0.000355,0.10988
0.00036,0.11179
0.000365,0.11283
0.00037,0.11296
0.000375,0.1122
0.00038,0.11055
0.000385,0.10804
0.00039,0.10471
0.000395,0.10062
0.0004,0.095829
0.000405,0.090419
0.00041,0.084476
0.000415,0.078096
0.00042,0.071381
0.000425,0.06444
0.00043,0.057383
0.000435,0.050324
0.00044,0.043375
0.000445,0.036646
0.00045,0.030244
0.000455,0.024272
0.00046,0.018822
0.000465,0.013981
0.00047,0.0098258
0.000475,0.0064205
0.00048,0.0038187
0.000485,0.0020608
0.00049,0.0011738
0.000495,0.001171
0.0005,0.0020517
0.000505,0.0038013
0.00051,0.0063915
0.000515,0.0097805
0.00052,0.013914
0.000525,0.018727
0.00053,0.024141
0.000535,0.030071
0.00054,0.036422
0.000545,0.043092
0.00055,0.049975
0.000555,0.056961
0.00056,0.063938
0.000565,0.070794
0.00057,0.077419
0.000575,0.083708
0.00058,0.089559
0.000585,0.094877
0.00059,0.099578
0.000595,0.10359
0.0006,0.10683
0.000605,0.10927
0.00061,0.11087
0.000615,0.11158
0.00062,0.11141
0.000625,0.11036
0.00063,0.10845
0.000635,0.1057
0.00064,0.10216
0.000645,0.097895
0.00065,0.092969
0.000655,0.087463
0.00066,0.081466
0.000665,0.075075
0.00067,0.068395
0.000675,0.061532
0.00068,0.054597
0.000685,0.047702
0.00069,0.040957
0.000695,0.034469
0.0007,0.028343
0.000705,0.022675
0.00071,0.017557
0.000715,0.013067
0.00072,0.0092782
0.000725,0.0062492
0.00073,0.0040275
0.000735,0.0026476
0.00074,0.0021306
0.000745,0.0024838
0.00075,0.0037006
0.000755,0.0057609
0.00076,0.0086311
0.000765,0.012265
0.00077,0.016603
0.000775,0.021576
0.00078,0.027103
0.000785,0.033097
0.00079,0.03946
0.000795,0.046089
0.0008,0.052879
0.000805,0.05972
0.00081,0.066501
0.000815,0.073112
0.00082,0.079448
0.000825,0.085405
0.00083,0.090886
0.000835,0.095804
0.00084,0.10008
0.000845,0.10364
0.00085,0.10643
0.000855,0.10841
0.00086,0.10953
0.000865,0.1098
0.00087,0.10919
0.000875,0.10772
0.00088,0.10543
0.000885,0.10233
0.00089,0.09849
0.000895,0.093968
0.0009,0.088839
0.000905,0.083187
0.00091,0.077104
0.000915,0.070689
0.00092,0.064047
0.000925,0.057286
0.00093,0.050515
0.000935,0.043844
0.00094,0.037381
0.000945,0.031229
0.00095,0.025487
0.000955,0.020248
0.00096,0.015595
0.000965,0.011603
0.00097,0.0083345
0.000975,0.0058414
0.00098,0.0041632
0.000985,0.0033257
0.00099,0.0033417
0.000995,0.0042099
0.001,0.0059156
0.001005,0.0084304
0.00101,0.011713
0.001015,0.01571
0.00102,0.020356
0.001025,0.025576
0.00103,0.031284
0.001035,0.037388
0.00104,0.043788
0.001045,0.05038
0.00105,0.057057
0.001055,0.063709
0.00106,0.070229
0.001065,0.076509
0.00107,0.082446
0.001075,0.087944
0.00108,0.092912
0.001085,0.097269
0.00109,0.10094
0.001095,0.10387
0.0011,0.10601
0.001105,0.10733
0.00111,0.1078
0.001115,0.10741
0.00112,0.10617
0.001125,0.10411
0.00113,0.10126
0.001135,0.097656
0.00114,0.093372
0.001145,0.088474
0.00115,0.083043
0.001155,0.07717
0.00116,0.07095
0.001165,0.064487
0.00117,0.057887
0.001175,0.051258
0.00118,0.044708
0.001185,0.038345
0.00119,0.032272
0.001195,0.026588
0.0012,0.021386
0.001205,0.01675
0.00121,0.012755
0.001215,0.0094657
0.00122,0.0069343
0.001225,0.0052017
0.00123,0.0042953
0.001235,0.0042291
0.00124,0.0050035
0.001245,0.0066051
0.00125,0.0090069
0.001255,0.012169
0.00126,0.016039
0.001265,0.020553
0.00127,0.025637
0.001275,0.031206
0.00128,0.037168
0.001285,0.043425
0.00129,0.049874
0.001295,0.056407
0.0013,0.062917
0.001305,0.069295
0.00131,0.075435
0.001315,0.081235
0.00132,0.086599
0.001325,0.091438
0.00133,0.095669
0.001335,0.099224
0.00134,0.10204
0.001345,0.10408
0.00135,0.1053
0.001355,0.10568
0.00136,0.10521
0.001365,0.10391
0.00137,0.1018
0.001375,0.098914
0.00138,0.095296
0.001385,0.091011
0.00139,0.086129
0.001395,0.080734
0.0014,0.074915
0.001405,0.06877
0.00141,0.062402
0.001415,0.055917
0.00142,0.049422
0.001425,0.043027
0.00143,0.036837
0.001435,0.030955
0.00144,0.025478
0.001445,0.020496
0.00145,0.016093
0.001455,0.012341
0.00146,0.0093003
0.001465,0.007022
0.00147,0.0055431
0.001475,0.0048872
0.00148,0.0050647
0.001485,0.0060719
0.00149,0.0078913
0.001495,0.010492
0.0015,0.01383
0.001505,0.017849
0.00151,0.022481
0.001515,0.027647
0.00152,0.033262
0.001525,0.03923
0.00153,0.04545
0.001535,0.051818
0.00154,0.058225
0.001545,0.064564
0.00155,0.070725
0.001555,0.076606
0.00156,0.082106
0.001565,0.087132
0.00157,0.091598
0.001575,0.095429
0.00158,0.098558
0.001585,0.10093
0.00159,0.10251
0.001595,0.10327
0.0016,0.1032
0.001605,0.10229
0.00161,0.10057
0.001615,0.098058
0.00162,0.094805
0.001625,0.090864
0.00163,0.086302
0.001635,0.081199
0.00164,0.075641
0.001645,0.069724
0.00165,0.063549
0.001655,0.057219
0.00166,0.050845
0.001665,0.044533
0.00167,0.038391
0.001675,0.032523
0.00168,0.027028
0.001685,0.022
0.00169,0.017523
0.001695,0.013673
0.0017,0.010515
0.001705,0.0081005
0.00171,0.006471
0.001715,0.005653
0.00172,0.0056594
0.001725,0.0064892
0.00173,0.0081271
0.001735,0.010544
0.00174,0.013698
0.001745,0.017534
0.00175,0.021984
0.001755,0.026972
0.00176,0.032412
0.001765,0.038207
0.00177,0.044259
0.001775,0.050461
0.00178,0.056705
0.001785,0.062884
0.00179,0.06889
0.001795,0.074618
0.0018,0.079969
0.001805,0.084849
0.00181,0.089174
0.001815,0.092868
0.00182,0.095868
0.001825,0.098121
0.00183,0.099589
0.001835,0.10025
0.00184,0.10008
0.001845,0.099102
0.00185,0.097322
0.001855,0.094774
0.00186,0.091505
0.001865,0.087571
0.00187,0.083042
0.001875,0.077999
0.00188,0.072531
0.001885,0.066733
0.00189,0.060707
0.001895,0.05456
0.0019,0.048397
0.001905,0.042328
0.00191,0.036459
0.001915,0.03089
0.00192,0.025719
0.001925,0.021036
0.00193,0.016921
0.001935,0.013445
0.00194,0.010668
0.001945,0.008636
0.00195,0.0073832
0.001955,0.0069296
0.00196,0.0072808
0.001965,0.0084285
0.00197,0.01035
0.001975,0.013009
0.00198,0.016356
0.001985,0.020331
0.00199,0.024859
0.001995,0.02986
0.002,0.035242
0.002005,0.040909
0.00201,0.046757
0.002015,0.052683
0.00202,0.058579
0.002025,0.06434
0.00203,0.069863
0.002035,0.075048
0.00204,0.079804
0.002045,0.084047
0.00205,0.0877
0.002055,0.090699
0.00206,0.092993
0.002065,0.094541
0.00207,0.095317
0.002075,0.09531
0.00208,0.094521
0.002085,0.092967
0.00209,0.090678
0.002095,0.087696
0.0021,0.084078
0.002105,0.079891
0.00211,0.075211
0.002115,0.070126
0.00212,0.064727
0.002125,0.059113
0.00213,0.053386
0.002135,0.04765
0.00214,0.042008
0.002145,0.036562
0.00215,0.031409
0.002155,0.02664
0.00216,0.022341
0.002165,0.018585
0.00217,0.015439
0.002175,0.012957
0.00218,0.011178
0.002185,0.010132
0.00219,0.0098335
0.002195,0.010283
0.0022,0.011467
0.002205,0.013359
0.00221,0.015921
0.002215,0.019101
0.00222,0.022836
0.002225,0.027054
0.00223,0.031675
0.002235,0.036609
0.00224,0.041765
0.002245,0.047046
0.00225,0.052352
0.002255,0.057585
0.00226,0.062648
0.002265,0.06745
0.00227,0.0719
0.002275,0.07592
0.00228,0.079436
0.002285,0.082385
0.00229,0.084717
0.002295,0.086389
0.0023,0.087375
0.002305,0.087659
0.00231,0.087241
0.002315,0.08613
0.00232,0.084351
0.002325,0.08194
0.00233,0.078946
0.002335,0.075427
0.00234,0.071452
0.002345,0.067096
0.00235,0.062443
0.002355,0.057581
0.00236,0.052601
0.002365,0.047597
0.00237,0.042662
0.002375,0.037887
0.00238,0.033358
0.002385,0.02916
0.00239,0.025365
0.002395,0.022042
0.0024,0.019249
0.002405,0.017031
0.00241,0.015425
0.002415,0.014455
0.00242,0.014132
0.002425,0.014456
0.00243,0.015412
0.002435,0.016977
0.00244,0.019113
0.002445,0.021775
0.00245,0.024906
0.002455,0.028441
0.00246,0.032309
0.002465,0.036433
0.00247,0.040731
0.002475,0.045119
0.00248,0.049513
0.002485,0.053828
0.00249,0.057983
0.002495,0.061899
0.0025,0.065504
0.002505,0.068731
0.00251,0.071522
0.002515,0.073826
0.00252,0.075603
0.002525,0.076823
0.00253,0.077467
0.002535,0.077526
0.00254,0.077003
0.002545,0.075913
0.00255,0.07428
0.002555,0.072138
0.00256,0.069532
0.002565,0.066515
0.00257,0.063147
0.002575,0.059494
0.00258,0.055628
0.002585,0.051623
0.00259,0.047556
0.002595,0.043506
0.0026,0.039547
0.002605,0.035753
0.00261,0.032196
0.002615,0.028938
0.00262,0.026039
0.002625,0.02355
0.00263,0.021511
0.002635,0.019956
0.00264,0.018909
0.002645,0.018382
0.00265,0.018378
0.002655,0.01889
0.00266,0.0199
0.002665,0.021383
0.00267,0.023301
0.002675,0.025613
0.00268,0.028268
0.002685,0.031209
0.00269,0.034375
0.002695,0.037701
0.0027,0.04112
0.002705,0.044565
0.00271,0.047967
0.002715,0.05126
0.00272,0.054382
0.002725,0.057273
0.00273,0.059879
0.002735,0.062152
0.00274,0.06405
0.002745,0.065541
0.00275,0.066599
0.002755,0.067206
0.00276,0.067355
0.002765,0.067046
0.00277,0.06629
0.002775,0.065103
0.00278,0.063513
0.002785,0.061552
0.00279,0.059261
0.002795,0.056686
0.0028,0.053878
0.002805,0.050894
0.00281,0.04779
0.002815,0.044627
0.00282,0.041466
0.002825,0.038366
0.00283,0.035385
0.002835,0.032579
0.00284,0.029997
0.002845,0.027688
0.00285,0.02569
0.002855,0.024038
0.00286,0.022758
0.002865,0.02187
0.00287,0.021385
0.002875,0.021305
0.00288,0.021627
0.002885,0.022338
0.00289,0.023418
0.002895,0.024841
0.0029,0.026572
0.002905,0.028574
0.00291,0.030804
0.002915,0.033213
0.00292,0.035752
0.002925,0.038369
0.00293,0.041011
0.002935,0.043626
0.00294,0.046163
0.002945,0.048571
0.00295,0.050806
0.002955,0.052824
0.00296,0.05459
0.002965,0.056069
0.00297,0.057238
0.002975,0.058074
0.00298,0.058566
0.002985,0.058706
0.00299,0.058495
0.002995,0.05794
0.003,0.057055
0.003005,0.055858
0.00301,0.054376
0.003015,0.052639
0.00302,0.050683
0.003025,0.048546
0.00303,0.04627
0.003035,0.043901
0.00304,0.041482
0.003045,0.039061
0.00305,0.036684
0.003055,0.034393
0.00306,0.032232
0.003065,0.03024
0.00307,0.028452
0.003075,0.0269
0.00308,0.025609
0.003085,0.0246
0.00309,0.02389
0.003095,0.023486
0.0031,0.023391
0.003105,0.023604
0.00311,0.024115
0.003115,0.024909
0.00312,0.025967
0.003125,0.027264
0.00313,0.02877
0.003135,0.030453
0.00314,0.032277
0.003145,0.034203
0.00315,0.036193
0.003155,0.038206
0.00316,0.0402
0.003165,0.042138
0.00317,0.043982
0.003175,0.045695
0.00318,0.047246
0.003185,0.048606
0.00319,0.04975
0.003195,0.050657
0.0032,0.051313
0.003205,0.051707
0.00321,0.051835
0.003215,0.051695
0.00322,0.051294
0.003225,0.050641
0.00323,0.049752
0.003235,0.048646
0.00324,0.047346
0.003245,0.045878
0.00325,0.044273
0.003255,0.042561
0.00326,0.040778
0.003265,0.038956
0.00327,0.03713
0.003275,0.035336
0.00328,0.033606
0.003285,0.031973
0.00329,0.030466
0.003295,0.029111
0.0033,0.027932
0.003305,0.026949
0.00331,0.026178
0.003315,0.02563
0.00332,0.025312
0.003325,0.025228
0.00333,0.025374
0.003335,0.025744
0.00334,0.026328
0.003345,0.02711
0.00335,0.028072
0.003355,0.029193
0.00336,0.030446
0.003365,0.031807
0.00337,0.033245
0.003375,0.034731
0.00338,0.036235
0.003385,0.037726
0.00339,0.039175
0.003395,0.040553
0.0034,0.041833
0.003405,0.042991
0.00341,0.044006
0.003415,0.044859
0.00342,0.045535
0.003425,0.046022
0.00343,0.046314
0.003435,0.046406
0.00344,0.046299
0.003445,0.045997
0.00345,0.045509
0.003455,0.044845
0.00346,0.044021
0.003465,0.043054
0.00347,0.041965
0.003475,0.040776
0.00348,0.039511
0.003485,0.038195
0.00349,0.036853
0.003495,0.035511
0.0035,0.034196
0.003505,0.032931
0.00351,0.03174
0.003515,0.030645
0.00352,0.029664
0.003525,0.028815
0.00353,0.028111
0.003535,0.027565
0.00354,0.027183
0.003545,0.026971
0.00355,0.026929
0.003555,0.027056
0.00356,0.027346
0.003565,0.02779
0.00357,0.028377
0.003575,0.029093
0.00358,0.029922
0.003585,0.030844
0.00359,0.03184
0.003595,0.032889
0.0036,0.033968
0.003605,0.035055
0.00361,0.036129
0.003615,0.037166
0.00362,0.038148
0.003625,0.039054
0.00363,0.039868
0.003635,0.040574
0.00364,0.041159
0.003645,0.041613
0.00365,0.041929
0.003655,0.042101
0.00366,0.042129
0.003665,0.042013
0.00367,0.041758
0.003675,0.04137
0.00368,0.040859
0.003685,0.040237
0.00369,0.039516
0.003695,0.038712
0.0037,0.037843
0.003705,0.036925
0.00371,0.035978
0.003715,0.03502
0.00372,0.03407
0.003725,0.033145
0.00373,0.032264
0.003735,0.031442
0.00374,0.030694
0.003745,0.030034
0.00375,0.029472
0.003755,0.029019
0.00376,0.028679
0.003765,0.028458
0.00377,0.028359
0.003775,0.028379
0.00378,0.028518
0.003785,0.028769
0.00379,0.029125
0.003795,0.029577
0.0038,0.030115
0.003805,0.030725
0.00381,0.031393
0.003815,0.032106
0.00382,0.032847
0.003825,0.033602
0.00383,0.034353
0.003835,0.035086
0.00384,0.035786
0.003845,0.036438
0.00385,0.037031
0.003855,0.037553
0.00386,0.037994
0.003865,0.038345
0.00387,0.038603
0.003875,0.038761
0.00388,0.038819
0.003885,0.038777
0.00389,0.038637
0.003895,0.038402
0.0039,0.03808
0.003905,0.037678
0.00391,0.037204
0.003915,0.036671
0.00392,0.036088
0.003925,0.035468
0.00393,0.034825
0.003935,0.03417
0.00394,0.033518
0.003945,0.032881
0.00395,0.03227
0.003955,0.031698
0.00396,0.031176
0.003965,0.030711
0.00397,0.030312
0.003975,0.029987
0.00398,0.029738
0.003985,0.02957
0.00399,0.029485
0.003995,0.029481
0.004,0.029558
